13pk 135 168 172 217 218 219 223 24 241 245 26 294 314 315 338 340 342 343 345 375 376 377 378 39 398 399 62 64 65
1a0i 149 220 222 232 236 238 32 33 34 35 39 55 93
1a26 826 890 903 907 984 985 986 988
1a2f 145 146 147 158 171 172 174 175 177 178 179 180 181 184 185 191 232 234 44 47 48 51 52 82 48
1a2q 169 170 171 172 174 176 197 2 32 32 155 41 64 75 77 79 80 81
1a2t 113 115 21 35 36 40 41 83 84 85 87 89
1a47 101 102 140 141 184 191 198 200 228 230 230 320 230 329 230 258 230 141 230 328 230 292 231 233 234 255 258 260 27 29 32 328 329 33 371 375 411 412 413 414 445 446 51 53
1a4l 102 103 106 15 153 155 17 183 184 19 214 217 238 240 295 296 517 519 558 561 562 565 58 602 603 606 61 65 655 683 684 714 717 738 740 795 796
1a53 110 112 131 159 180 210 211 212 231 233 234 51 53 89
1a5i 102 174 189 190 191 192 193 193 102 194 195 196 102 196 195 214 215 216 219 57 57 102 57 195 99
1a65 107 109 111 396 399 401 451 452 453 457 462 499 501 55 66
1a85 137 147 149 154 155 156 157 158 159 160 161 162 169 170 171 173 175 177 180 193 194 197 198 198 198 201 207 214 215 216 217 218 219
1a8h 127 130 144 147 16 19 297 300 300
1aa6 10 11 110 111 112 13 137 139 140 141 141 44 15 173 174 175 176 179 180 182 183 201 202 203 204 206 218 221 223 296 297 298 302 333 132 334 335 402 403 404 408 409 41 410 42 428 429 430 433 44 445 45 478 580 581 582 583 585 586 587 588 654 655 678 679 8
1aax 181 182 215 216 217 218 219 220 221 222 24 254 258 259 262 46 48 49
1abn 110 18 209 210 212 214 261 262 263 43 48 77 77 48
1aco 100 101 145 147 165 166 167 262 357 358 421 424 425 446 447 452 580 642 643 644 72 74 75
1ad5 273 276 281 293 295 338 339 340 341 348 386 386 388 388 390 388 391 393 404
1ae4 113 20 211 213 215 22 262 264 45 50 50 80 80
1aec 136 161 162 162 182 162 19 182 19 23 24 25 26 61 63 66 67 68 69
1af0 134 135 136 138 176 177 180 186 191 192 194 177 216 253 254 255 257 285 287 288 290 327 329 334 335 336 338 343 344 345 347 351 352 353 354 356 360 361 362 363 365 369 370 371 372 374 383 390 400
1af4 100 109 112 136 140 171 172 173 2 204 205 206 209 217 221 32 32 155 41 5 50 6 62 63 64 75 77 79 81
1af7 123 125 129 154 155 156 211 212 213 230 231 232 236 38 90 91 92 93 94 98
1agm 120 121 157 160 168 177 178 179 180 226 234 236 237 238 239 30 305 317 400 41 411 413 415 417 42 43 439 440 441 442 443 444 446 45 452 453 455 457 458 459 460 461 462 464 48 49 52 54 55 86 87 90
1agw 484 512 545 561 562 563 564 565 566 567 623 623 625 623 628 623 658 625 627 630
1ah0 110 111 122 159 160 18 183 19 20 209 21 210 212 213 214 215 216 219 228 245 260 262 263 264 265 268 271 272 298 43 48 77 77 48 79
1ah5 127 128 129 131 132 149 15 155 169 170 198 242 243 81 83 84
1ah7 1 118 122 128 14 142 146 55 69
1aha 109 111 155 159 160 163 69 70 71
1aim 133 157 158 159 159 175 159 19 175 19 205 23 24 25 26 61 65 66 67
1aj0 115 117 139 185 190 215 217 219 22 220 221 255 257 62 63 96
1ajk 124 140 176 22 24 26
1ak0 1 116 120 126 132 135 149 15 153 181 45 48 6 60 61 63
1akd 101 108 112 185 244 245 247 248 249 251 252 252 350 294 295 297 299 322 349 350 351 355 357 396 96
1ake 10 11 119 12 123 13 132 133 134 137 14 15 156 158 159 13 162 167 200 201 202 205 31 33 35 36 53 57 58 59 64 85 86 88 9 92
1akl 176 177 180 186 194 177 216 253 254 255 257 285 287 288 290 327 329 334 335 336 338 343 344 345 347 351 352 353 354 356 360 361 362 363 365 369 370 371 372 374 383 390 399 400 446 448 450 452 454
1aky 128 13 132 14 141 142 143 147 15 16 165 167 168 17 176 18 19 204 205 206 35 36 37 39 40 57 61 62 63 68 89 90 91 93 97
1alq 130 166 176 177 70 73
1amo 138 139 140 141 143 173 174 175 178 180 181 182 208 212 298 319 424 454 455 456 457 472 473 474 476 478 488 489 490 491 534 535 538 566 567 596 597 602 604 606 630 456 636 639 675 677 86 87 88 89 90 91
1amu 190 234 235 239 301 302 303 304 321 322 323 324 325 326 327 330 331 413 425 434 439 517
1amy 108 111 112 113 117 127 138 141 142 143 144 146 148 177 179 183 204 204 179 206 227 233 179 288 204 289 289 179 289 204 91 92
1aod 124 126 204 206 278 45 46 84 93 93 278
1aop 113 115 116 117 119 121 123 153 214 215 217 256 257 258 396 434 435 436 439 440 441 442 443 477 478 479 481 482 483 485 83
1aq2 213 232 232 333 249 250 251 252 253 254 255 256 268 269 286 288 290 297 333 449 450 451 452 455 65
1aqh 135 144 172 174 174 174 174 264 174 200 178 199 200 203 264 207 221 262 300 88
1aqi 105 106 107 108 108 23 146 21 47 71 72 73 88 89 90
1aql 107 108 294 117 118 119 122 123 124 194 194 292 195 224 226 282 283 299 301 320 322 350 351 352 353 354 391 395 396 399 435 445 449 453 527
1arm 127 196 270 270 71 28 29 69 72 84 87 88
1ast 102 149 92 93 96
1atk 134 160 161 162 162 182 162 19 182 19 23 24 25 26 59 60 61 65 66 67
1atr 12 13 14 15 201 202 230 268 271 272 275 338 339 340 342 343 366 71
1au8 102 190 191 193 193 102 194 195 196 102 196 195 214 215 216 217 218 226 57 57 102 57 195 99
1axb 130 132 166 170 236 237 238 240 69 70 73
1aye 127 196 270 270 71 69 72
1ayx 210 362 456 471 473 63 67 69 70
1azm 106 199 119 198 199 200 209 64 91 94 96
1b02 108 161 161 192 181 182 183 184 184 192 188 192 195 220 222 224 278 28 64 71 93 94 97
1b0e 102 175 191 192 193 193 102 194 195 196 102 196 195 213 214 214 102 215 216 217 217 41 42 57 57 102 57 195 70 72 75 77 80 99
1b0f 102 135 177 191 192 193 193 102 194 195 196 196 195 200 201 204 205 214 215 216 217 27 41 42 57 57 102 57 195 58 64 65 65
1b0j 100 101 147 165 166 167 262 357 358 421 424 425 446 447 452 580 642 643 644 72
1b12 143 144 145 278 279 86 87 88 90 91
1b1y 15 182 184 192 196 198 293 298 340 378 380 418 51 53 87 91 96 97 99
1b2r 100 102 104 108 115 116 117 118 157 301 303 77 78 79 79 80 80 98 99
1b2y 100 101 158 163 165 167 195 197 198 2 200 201 228 229 230 233 233 197 233 236 235 240 250 299 3 300 305 306 58 59 62 63
1b30 131 132 132 132 208 210 238 240 268 276 47 48 51 84 88 91
1b37 10 11 13 14 15 235 237 265 266 275 298 34 35 36 393 398 399 402 403 42 429 43 430 438 439 44 440 443 56 57 58 59 60 62
1b4v 107 109 110 111 114 115 119 120 121 122 16 17 19 20 21 218 248 249 250 288 289 290 361 39 40 41 446 447 447 485 474 475 485 486 487 490
1b59 219 231 251 262 328 329 331 338 339 342 362 364 364 364 414 444 459
1b6g 10 103 11 112 124 125 135 14 175 193 194 196 222 223 226 239 25 26 260 261 289 294 295 296 297 33 4 56 6 65 89
1b80 145 146 147 172 173 175 176 177 179 180 181 182 183 193 194 196 199 201 235 237 39 40 42 43 46 47 48 66 68 70 84 85
1b90 106 131 133 140 141 144 172 175 193 194 199 257 56 60 61 97
1ba3 218 245 310 311 313 315 337 343 352 354 448 524 443
1bag 101 102 105 130 137 141 142 144 146 169 171 174 176 176 269 176 208 177 179 180 192 208 210 212 268 269 273 276 313 58 59 62 63
1bb5 102 103 104 108 109 35 53 59 60 63 64
1bb6 101 102 103 107 108 35 46 52 58 59 62 63 75 98
1bcx 112 116 117 166 172 37 69 7 78 80 9
1bdg 155 156 157 170 209 172 173 208 209 229 233 234 235 260 294
1bf2 128 229 230 232 233 259 297 510 373 375 375 400 510 418 435 435 510 437 510 509
1bg0 112 113 114 115 122 124 126 185 194 221 225 229 233 237 238 271 274 280 282 283 284 309 311 312 313 314 315 324 63 64 65 66 68
1bg3 155 156 172 173 208 209 229 231 232 235 260 294 413 414 415 448 449 532 535 536 603 604 605 620 621 656 657 657 209 658 677 679 680 683 708 742 84 861 862 863 87 88 896 897
1bgu 100 188 214 22 237 240
1bh6 100 104 107 125 126 127 128 130 135 152 154 155 167 2 219 221 32 32 155 41 64 75 77 79 80 81
1bib 112 115 116 118 132 134 183 186 187 204 205 317 89 90 91
1bio 191 192 193 193 102 195 196 102 196 195 214 215 217 218 220 57 57 102 57 195 93 102
1bjj 28 30 32 33 48 49 71 72 92 99
1bk9 22 28 30 31 32 45 48 49 5 99
1bli 104 105 328 161 181 182 183 194 200 201 202 203 204 229 231 235 261 261 231 263 300 301 302 304 327 328 406 407 430
1bls 120 150 152 204 221 272 315 317 318 320 64 67
1bn8 184 206 223 227 279 279
1bob 161 219 220 221 222 227 228 229 230 232 233 254 255 256 257 258 261 264 267
1boo 246 248 249 250 272 273 274 275 276 278 294 295 299 33 34 35 53 54 55 79 96
1boz 115 116 117 118 119 120 121 123 136 16 17 20 21 22 30 34 35 53 54 55 56 59 61 67 7 75 76 77 78 8 9 91
1bp2 28 30 32 48 49 99
1bpe 180 188 190 256
1bqb 140 144 145 148 168 179 181 182 184 187 190 191 194 197 228
1bs2 148 151 153 156 159 162 188 347 351 369 371 375
1bs4 132 133 136 45 50 90 91
1bu7 107 264 265 267 268 268 269 272 327 328 331 392 393 393 269 394 398 399 400 401 402 406 409 69 86 87 96
1bug 109 118 236 240 244 258 259 260 261 274 88
1bul 105 130 132 166 170 216 235 236 237 70 73
1bvw 110 114 118 119 123 127 174 226 179 180 226 405
1bwk 114 191 194 196 196 282 196 37 243 324 325 34 347 348 35 36 37 374 375 72
1bx0 114 115 116 118 120 130 131 132 133 172 272 312 312 95 314 93 94 95 96
1bx4 123 130 131 132 298 14 16 170 18 265 267 268 284 286 289 292 296 297 298 299 300 324 327 331 40 64 65 68
1byg 201 202 203 209 220 266 267 268 269 272 273 314 314 316 318 318 316 319 321
1c0e 12 129 13 14 15 16 17 18
1c1h 120 121 13 183 185 186 188 222 224 226 230 25 262 263 264 29 30 31 87
1c21 108 171 177 178 182 204 202 204 221 235 70 79 97 99
1c4a 101 103 104 107 109 140 146 147 148 149 150 151 152 153 157 161 163 165 166 177 190 191 191 358 192 193 194 195 196 200 201 202 203 204 205 230 231 232 272 299 300 301 32 324 325 33 34 35 353 354 355 358 417 418 45 46 47 49 497 498 499 503 506 60 62 94 95 97 98
1c7i 189 190 2 3 310 399 399 107 4
1c82 243 291 300 343 349 399 399 480 399 408 408 462 466 477
1c8y 130 132 135 94
1c9j 169 170 171 174 176 195 197 2 221 247 32 32 155 41 64 75 77 79 80 81
1c9w 110 159 160 18 183 19 20 209 210 211 212 214 216 228 245 260 261 262 263 264 265 268 271 272 43 48 77 77 48
1ca1 1 11 130 56
1cb2 103 105 106 107 109 110 111 115 118 122 125 129 161 169 174 221 175 221 243 247 289 309 310 312 391 401 432 97
1cb8 175 225 225 234 234 288 405 407 408 415 416 417 421 455 479
1cd2 10 11 12 123 124 125 126 127 128 129 131 19 20 23 24 25 32 33 36 37 58 59 60 61 66 69 72 75 80 81 82 83 96
1cdg 139 140 328 190 199 227 229 229 328 233 254 257 257 328 257 264 27 29 30 319 259 32 327 229 328 33 411 412 413 414 446 51 53 598 599 600 601 602 603 616 627 628 633 636 651 662 667
1cef 159 161 233 298 299 301 303 62 65
1cel 175 212 214 217 228 251 258 259 295 325 371 372 376 381
1cf3 102 103 107 108 109 110 249 250 26 28 288 289 29 293 30 355 363 366 388 390 391 394 407 412 49 50 509 51 515 516 527 528 548 549 559 559 516 560 561 564 68 72 78 87 89 95 97 98 99
1cgt 139 140 328 190 199 227 229 229 328 233 254 257 257 328 257 259 27 29 32 327 229 328 33 51 53
1cjc 101 102 103 105 124 127 13 15 156 159 16 17 331 336 367 374 375 376 377 379 38 39 40 45 46 50 51 55 58 80 82
1ck7 102 166 167 168 178 180 185 186 187 188 190 193 200 202 204 206 208 211 403 404 224 407 413 421 476 521 569 618
1cl6 105 153 236 239 240 242 243 243 286 244 247 286 344 345 346 347 350 352 353 354 358 393 345 86 87 94 98
1clc 155 173 174 197 198 201 236 237 239 241 242 243 246 356 358 361 362 401 520 523 525 555
1cne 149 150 270 48 62 63 64 64 242 65 79 80 81 83 88 94 96 97 98
1coy 107 109 110 111 114 115 118 119 120 121 122 18 20 21 22 248 250 288 289 290 342 344 361 363 375 40 41 42 446 447 447 485 474 475 485 486 487 490 75 76 77 83
1cp7 131 132 160 247 262 266 3 4 85 97
1cpo 103 104 105 108 109 110 150 151 152 155 159 178 181 182 183 186 187 200 201 213 214 235 236 238 239 241 245 249 250 251 252 253 261 264 265 266 273 275 28 29 30 31 32 57 68 71 75 97
1cqw 117 118 141 179 183 187 216 217 220 283 52
1cvl 241 263 263 17 285 287 291 292 295 296 87 88
1cvr 100 103 105 107 130 134 152 161 163 166 210 211 212 242 244 249 258 281 282 283 284 288 292 293 296 302 78
1cxv 141 151 153 155 158 159 160 161 162 163 164 165 166 171 173 175 179 181 184 197 201 202 202 202 205 211 218 219 220 221 222 223 224 441 473 474 475 477 502 502 519 92
1cy1 111 113 114 115 161 165 168 291 292 294 295 296 319 365 393 396 397 434 438 478 481 493 495 516 554 9
1cyg 135 186 195 223 225 229 24 250 225 253 253 225 253 315 253 136 255 26 260 323 27 29 30 324 48 50
1d07 108 109 132 151 169 173 272 273 38
1d1p 13 132 132 13 134 14 15 16 17 18 19 20 52
1d3g 100 120 134 136 145 147 149 181 212 215 218 255 255 215 283 284 285 305 306 309 333 334 335 355 356 357 360 364 43 46 47 52 55 56 59 67 68 95 96 97
1d4c 12 131 132 133 134 135 136 14 15 154 155 156 157 162 163 164 166 167 168 169 17 170 18 19 23 24 25 26 276 277 297 312 313 335 336 337 343 364 37 373 374 38 401 41 42 43 433 434 437 44 45 48 5 503 504 533 534 544 544 401 547 548 549 550 553 57 58 59 6 60 62 63 64 68 69 70 71 73 74 75 76 77 8 83 84 87 88 9 90 92 93 94 95
1d4o 105 106 107 108 109 140 141 142 145 146 147 166 167 30 31 32 35 36 63 64 65 66 67 68
1d6a 121 123 171 176 179 72 73 74 90
1d8c 270 272 338 425 427 452 453 454 455 462 61 631 633 701 702 703 704 705
1daw 114 116 156 158 158 156 160 160 156 161 163 174 175 194 156 47 48 51 53 66 68
1dd6 139 158 161 164 165 166 167 167 81 197 23 25 28 31 32 33 51 77 79 81
1ddg 322 323 356 386 387 388 389 389 388 404 406 408 410 419 420 421 422 552 597 599
1df7 10 100 102 114 124 126 14 143 15 153 154 156 18 19 20 22 23 24 27 28 29 30 31 32 33 43 44 45 46 5 50 51 6 60 65 66 67 68 7 8 80 94 95 96 97 98 99
1dgj 100 101 103 137 138 139 369 38 39 40 41 422 423 424 43 44 45 46 48 503 534 535 58 60 652 655 656 657 658 662 697 698 699 700 702 703 797 799 800 803 804 807 865 866 867 868 869 869 869 99
1dgm 136 138 169 185 186 188 191 20 24 315 317 318 318 316 69 70
1dgp 108 112 178 200 205 206 209 240 241 244 245 333 88 92
1dgs 114 115 116 116 118 117 169 196 2085 2114 2115 2116 2116 2312 2117 2118 2120 2169 2196 221 2221 2312 253 288 312 406 409 422 427
1dhy 145 194 209 240 249 260
1dj9 107 108 109 133 133 207 175 179 204 206 207 21 233 236 238 207 348 352
1djg 311 312 341 343 356 390 650 651 653 677 706 707 708 714
1dkn 10 11 16 17 20 219 250 278 282 285 287 293 294 295 296 298 303 304 325 92
1dl2 132 136 151 168 171 172 175 224 226 227 230 275 279 435 525 93 96
1dmt 102 106 110 541 542 543 544 558 580 583 584 587 646 650 693 710 711 717
1dmw 247 248 249 251 254 255 285 290 322 325 330 349
1dnp 106 108 109 222 234 235 236 237 238 271 274 278 281 292 293 306 338 341 344 345 348 359 370 372 373 374 377 378 381 382 44
1dp2 106 186 194 248 249 250 251 252
1dpy 28 30 31 32 48 49 94
1dr1 115 117 118 119 120 121 146 16 17 20 21 22 30 34 53 54 55 56 7 75 76 77 78 8 9 91 92
1dt6 112 113 120 124 178 291 294 295 297 441 298 299 299 432 302 358 359 362 363 365 424 425 426 430 432 433 434 437 438
1dve 134 135 138 139 140 142 143 144 136 147 179 18 183 207 210 214 25 29 34 38 58
1dx4 149 150 237 238 330 367 370 472 480 60 61 62 71 83
1dy3 110 111 112 115 116 121 123 42 43 44 45 53 55 74 82 84 88 89 92 95 97 98
1dym 197 199 202 213 247 300 301 302
1e0v 127 128 128 205 207 236 238 266 44 45 48 81 85
1e1a 120 175 21 229 232 272 273 274 287 37
1e39 12 132 133 135 136 137 14 156 157 158 16 163 164 165 167 168 169 17 170 171 18 236 24 276 277 278 312 313 314 338 344 35 36 374 375 377 378 39 4 40 402 43 431 434 435 504 505 52 533 534 54 544 546 547 548 549 55 550 553 56 57 58 60 61 62 66 67 68 7 71 72 73 74 75 8 80 82 84 85 86 88 90 91 92 94
1e3x 102 159 181 182 183 194 200 201 202 204 229 231 235 261 261 231 263 300 301 302 327 103 328 406 407 430 444 447
1e5j 103 120 124 127 138 139 166 168 169 178 180 200 202 202 139 228 262 267 269 35 39 40 66
1e8c 145 156 157 158 160 184 186 190 192 210 26 27 28 29 357 359 37 386 389 413 414 416 42 43 44 45 464 468 47 50
1e8m 173 235 254 473 476 554 555 580 591 594 595 599 641 643 644 680
1ea0 1 1028 1029 1030 1031 1032 1070 1071 1072 1093 1094 1102 1103 1104 1105 1106 1107 1108 1113 1117 1118 209 210 211 223 231 232 233 273 274 479 661 937 856 857 858 859 885 886 909 931 934 937 942 943 957 999
1eax 102 189 190 191 192 193 193 102 195 196 195 213 214 102 215 216 219 220 226 57 57 102 57 195 96
1eb6 106 128 129 129 132 143 146
1ece 116 117 123 161 162 162 62 212 213 238 240 245 247 282 29 319 32 326 327
1eeh 115 115 138 12 137 138 14 15 159 16 161 162 183 35 36 37 71 72 73
1ef9 108 110 132 133 140 250 253 64 66 66 113 67 68 69
1efz 102 106 156 158 201 229 230 231 260 318 320 323 349
1egz 121 122 132 133 158 160 161 192 194 220
1eh6 137 145 146 172 24 29 5 85
1ehn 163 167 170 191 232 237 275 276 313 315 315 311 316 362 366 369 388 390 390 313 391 396 418 444 446 473 539 540
1ejj 12 123 153 154 185 191 261 264 336 403 407 444 445 447 462 61 62
1el1 35 53 82 83 85 87 88 90 91
1el5 10 12 13 14 171 172 173 200 201 202 204 208 223 225 245 254 269 315 316 317 32 33 34 342 344 345 346 347 348 35 39 42 43 44 45 344 49 50 52
1elt 193 193 102 195 196 102 196 195 214 102 57 57 102 70 72 75 77 80
1elv 387 389 460 460 514 460 615 460 618 496 513 514 600 617 617 514 617 615 618 639 655 656 658 659
1epw 229 233 267 369 372
1eqc 135 146 191 192 253 192 255 27 29 292 363 373
1eso 118 141 61 44 46 61 69 78 81
1esw 101 153 256 258 293 294 340 394 395 464 469 470 473 53 54 55 56 57 59 60 98
1eu1 114 115 116 116 148 117 118 125 145 146 147 147 149 185 187 190 191 193 194 220 221 222 240 241 243 32 321 322 323 324 326 327 33 34 359 401 404 432 433 434 438 440 458 459 460 463 475 481 511 565 567 641 642 643 644 645 647 648 649 650 651 715 737 743 744 750 754 755 9
1eus 131 155 203 234 259 260 276 342 370 68 69 87 92
1ex1 158 206 207 221 222 250 253 255 285 316 425 438 487 491 496 498 500 503 95
1ex9 112 15 159 16 162 17 209 214 229 251 253 257 258 261 27 82 83
1exf 102 193 195 21 214 102 24 26 57 57 102 71
1exp 126 127 203 205 205 127 233 235 273 281 43 44 47 80 84
1exw 115 116 142 149 170 171 180 182 185 186 233 289 40 41
1eyn 111 112 113 115 120 23 305 397 87 88 90 91 93
1eyq 101 106 109 110 113 190 191 36 38 47 48 50
1ezm 136 140 141 144 164 172 175 183 185 223
1f48 111 113 148 152 172 18 18 340 19 20 206 208 21 22 23 235 276 277 278 281 282 291 337 338 339 340 341 342 366 420 422 45 453 457 500 501 502 527 528 543 566 567 568 572
1f4t 130 139 152 155 156 178 205 206 209 210 212 213 213 326 214 214 310 217 254 257 259 282 309 310 311 315 317 319 323 353 354 68 69 76 80 87
1f5a 100 101 102 109 112 113 115 154 167 228 237 246 247
1f5s 100 11 12 13 144 167 170 171 511 512 513 600 644 671 691 697 699 99
1f76 100 111 115 139 172 175 178 217 217 175 245 246 247 267 268 271 295 296 297 318 319 61 62 63 66 86
1f8n 499 504 690 694 839
1fa0 100 102 140 141 154 156 186 194 211 215 224 233 234 87 88 89 92 94 99
1fcv 111 113 184 20 21 227 271 301 303 304 46 55
1fdr 116 246 247 248 36 50 51 52 53 66 67 68 70 73 74 75 76
1fgs 143 297 48 49 50 51 52 73
1fh0 135 161 162 163 163 187 163 19 187 189 19 23 25 26 63 65 66 67 68 69
1fhf 139 140 152 165 169 170 171 172 173 174 175 178 221 224 227 229 245 297 31 34 35 37 38 41 42 43 46 48 50 52 53 70 73 85 88 89
1fj3 100 138 142 143 144 146 148 166 177 182 183 184 185 187 190 193 194 197 200 202 203 231 57 59 61 81 84 93
1fl2 218 219 221 222 223 242 243 244 247 248 251 252 257 288 289 290 321 322 323 345 348 349 454 487 488 495 496 497 500
1flj 106 199 119 180 182 183 187 188 189 199 214 64 94 96
1flz 123 187 64 65 66 76 77
1foa 113 114 115 117 144 145 184 186 187 190 211 212 213 269 290 291 320 321 322 331
1fr6 119 120 150 152 211 221 272 315 316 317 318 319 320 346 63 64 67
1fsu 145 147 242 300 301 318 53 54 95
1fut 100 38 40 41 42 43 44 45 46 58 92 98
1fvi 137 164 186 25 26 27 28 32 67 98
1fw2 142 144 146 149 183 184
1fxx 102 108 15 17 181
1g0c 265 269 270 296 299 333 372 373 442 444 485 519 524 526
1g0d 150 272 291 332 351 355 439 515
1g12 100 118 117 118 121 130 133 39 42 43
1g4p 1029 1057 1059 1061 107 109 1092 1093 1107 1109 1112 112 1130 1147 1149 1184 1186 1206 130 147 149 184 186 206 29 31 57 59 61 92 93
1g55 10 11 119 12 13 15 34 35 36 375 376 55 56 57 58 76 78 98
1g5b 139 144 145 146 151 160 162 186 20 22 49 52 53 75 76
1g66 12 13 146 172 173 174 175 187 90 91
1g6s 124 169 170 171 197 200 22 23 27 313 336 340 341 344 385 386 411 94 96 97
1g7u 117 168 202 205 252
1g87 209 212 213 259 420 500 503 55 578 58 581 582 79 80
1g8o 134 135 136 138 139 198 199 202 225 226 227 314 317 317 359 360 362 365
1g9k 114 169 170 173 179 250 251 252 254 282 284 285 287 324 326 331 332 333 335 340 342 344 348 349 350 351 353 357 358 359 360 362 366 367 368 371 380 387 49 51 53 55 57
1g9r 10 103 104 105 11 130 153 154 186 187 188 189 244 246 247 250 6 7 78 79 8 80 82 83 86
1ga0 119 120 150 152 275 290 292 295 318 319 320 321 349 64 67
1gbg 105 107 109 207 45 9
1gcy 1 116 13 151 153 154 16 162 17 191 193 193 197 2 218 117 219 219 193 219 294 219 221 244 231 293 294
1gis 110 111 112 156 161 164 71 72 86
1gjv 241 245 249 253 285 289 290 297 298 299 300 301 302 303 304 305 335 336 337 338 339 340 341
1gkc 129 131 149 152 165 175 177 182 183 184 185 186 187 188 189 190 197 198 199 201 203 205 206 208 210 211 212 213 214 215 391 393 398 401 402 402 402 405 411 419 420 421 422 423
1gof 227 228 272 290 495 496 581
1goj 13 15 16 238 90 91 92 93 94 95 96
1gol 104 106 109 112 147 147 149 149 151 152 165 188 152 37 50
1goo 130 131 207 209 237 239 131 267 275 50 83 87
1gov 101 102 26 34 36 37 39 72 81 82 86
1gp4 215 217 229 213 232 288 298 300 302 304
1gp7 28 30 31 32 48 49 99
1gpl 153 176 187 190 192 195 263 77
1gpz 485 495 497 498 499 540 566 567 635 637 637 485 638 645 646 647
1gw0 136 138 140 178 182 185 189 190 431 434 436 502 503 504 508 513 93 95
1gw6 134 136 267 268 269 270 271 295 296 299 314 318 378 383
1gwc 11 15 17 218 42 55 56 57 68 69
1gxo 390 451 524 526 596 610 625 628 629 630
1gxz 126 127 147 148 149 154 159 160 184 187 189
1gyc 109 395 398 400 452 453 454 458 64 66
1gzf 128 129 130 131 133 134 167 169 174 175 176 183 186 209 211 212 214 80 83 87 91
1h0b 106 124 161 207 26 59 68
1h0p 126 137 146 149 150 79 84 87
1h1a 10 11 12 13 178 87
1h1d 117 118 119 120 141 142 143 144 169 170 174 199 38 40 41 42 66 67 68 71 72 90 91 95
1h3g 119 121 122 124 125 144 146 222 223 270 271 280 311 315 340 340 311 342 417 418 418 311 418 311
1h3n 159 162 176 179 40 41 42 43 439 442 46 484 487 49 504 51 52 52 637 535 537 538 540 541 545 55 56 574 576 577 638 640 80
1h4g 129 133 134 141 143 17 184 19 47 49 85 87 94 96
1h4h 129 133 134 135 141 143 17 177 184 19 45 47 49 8 85 87 94 96
1h4p 116 161 162 165 231 232 232 334 232 231 275 276 278 279 295 297 318 334
1h8v 116 123 124 161 163 164
1ha3 117 118 121 122 124 125 126 136 137 139 140 161 162 174 175 176 21 21 85 22 23 24 25 26 321 326 327 343 345 385 386 387 389 394 397 47 93 97
1hcu 100 104 227 229 230 232 245 249 393 485 85 87 88
1hdh 113 115 13 138 14 211 317 318 375 438 452 456 50 51 55 72
1hdi 122 166 170 214 215 219 23 237 238 25 256 291 312 313 340 341 343 373 374 38 396 62 65
1hi2 129 130 14 15 36 38 39 40
1hiz 100 160 160 204 205 237 239 242 266 268 274 325 329
1hjo 12 13 14 15 201 202 230 268 271 272 275 338 339 340 342 343 71
1hjs 135 142 143 146 245 45
1hki 100 138 140 140 136 140 138 183 210 212 213 267 27 297 31 35 356 358 99
1ho5 116 117 120 178 180 217 252 254 375 379 405 407 41 410 429 43 431 458 498 504 84
1hp5 162 250 313 314 344 361 393 395 406 408 442 444
1hpl 153 176 187 190 192 195 263 77
1hqd 119 16 167 17 242 264 286 288 29 292 293 296 297 87 87 264 88
1ht6 109 112 113 114 118 128 139 141 142 143 144 147 148 149 178 180 180 207 184 205 205 234 205 291 290 291 92 93
1hty 204 206 228 269 341 471 472 727 90 92 95
1hu9 514 518 519 523 566 572 709 713 773 857
1hv5 168 170 172 175 176 177 178 179 180 181 182 183 184 196 198 201 215 216 219 220 220 220 223 229 236 237 238 239 240 241
1hv6 141 191 239 245 246 249 306 312 313 342 88
1hvx 105 106 162 184 185 186 197 203 205 232 234 234 264 238 264 266 303 304 305 330 331 331 264 406 407 430
1hx3 114 116 161 25 32 67 69 87
1hx9 264 273 294 297 298 301 305 379 401 402 403 404 441 444 448 452 520 525 527
1i19 115 116 118 119 120 121 122 123 126 164 186 187 188 191 192 194 195 198 199 201 202 258 259 261 263 311 423 475 477 542 544 545 553 579 80
1i1n 109 110 111 114 140 141 142 143 158 213 214 215 216 221 56 57 58 59 64 85 86 87 88
1i7p 108 109 110 112 113 117 120 123 124 125 126 127 181 184 185 91 92 93 94
1i8q 321 370 371 372 416 429 542 432 479 488
1ia5 1 10 13 14 159 16 17 18 180 181 20 202 180 21 22 23 3 34 39 44 5 59 6 60 9
1ia6 208 211 212 22 257 38 39 410 55 56 59
1ibq 1 118 148 214 214 32 214 35 217 32 217 215 23 24 28 32 33 35 54 59 60 74
1icp 110 187 190 190 192 192 239 278 308 309 329 330 331 34 35 357 358 36 37 68
1ig1 100 139 139 139 141 141 139 141 180 143 144 146 160 161 20 22 23 24 25 27 40 42 77 94 96
1ihi 117 128 129 166 167 190 216 217 219 22 221 222 224 227 23 236 24 253 268 270 271 272 276 279 280 306 50 54 55 55 84 84 86
1iic 102 103 105 168 169 170 171 172 173 178 179 180 181 182 183 184 187 191 194 200 201 202 204 205 208 210 38 39 40 41 425 455
1im5 10 10 129 133 52 54 71 94
1im8 115 116 117 131 132 136 140 131 19 27 38 63 63 37 65 88 89 90 93
1inp 133 153 155 156 158 158 54 158 37 317 54 79
1iov 142 144 148 149 15 150 151 154 180 181 182 183 187 210 215 216 255 257 259 269 270 271 272 275 276 281 282 63 94 95 97
1iqr 197 209 210 211 212 213 216 241 244 245 247 248 275 307 310 313 314 317 328 339 341 342 343 346 347 349 350 351
1isp 11 12 133 14 156 157 160 18 76 77 78
1ito 199 200 219 23 245 27 28 29 29 199 30 68 73 74 75
1iuq 101 139 142 144 169 170 182 194 219 225 249 250 252 328 331 332 335 63 64 74 75 78 80 87
1iw0 13 130 131 135 136 138 139 140 142 177 20 201 204 208 23 29 313 320 323 324 329 33 333 430 431 435 436 438 439 440 443 446 477 501 504 508 613 620 623 624 633 730 731 734 735 736 738 739 740 742 777 801 804 808
1iyk 107 108 109 110 111 112 115 117 174 175 176 177 178 179 184 185 186 187 188 189 190 193 197 200 201 206 207 208 210 211 215 216 225 227 229 240 256 339 409 410 411 412 413 415 420 451
1iyn 131 132 133 142 146 159 160 162 163 166 167 168 169 172 173 175 195 221 223 251 26 29 30 33 34 67
1iyo 104 105 130 132 166 167 170 234 235 236 237 240 274 69 70 73
1izj 145 147 150 151 187 189 2 267 276 279 281 282 283 288 354 356 396 396 356 398 356 4 42 435 471 356 472 6 96
1j0m 196 309 246 255 515 516 517 661 677
1j1f 34 71 72 73 74 80 83 84 87 88 9
1j1r 120 122 170 175 178 71 72 73
1j36 265 337 338 339 364 367 368 371 395 495 497 502 504 507 507 338
1j53 102 12 13 14 144 145 15 162 162 14 167 18 61 65 66 98 99
1jb9 112 113 114 116 118 130 131 132 133 134 135 175 274 314 316 91 92 93 94 94 93
1jcj 102 167 170 201 203 204 205 236 237 238
1jg1 100 101 102 104 105 120 121 122 123 126 147 148 149 165 219 220 221 222 72 73 74 75 97 99
1jg9 144 147 187 229 250 254 284 286 311 286 328 346 286 346 187 392 393 393 286 414 417 426 427 509 562 591 592
1jiz 100 102 104 116 119 120 123 129 137 120 139 141 23 25 59 69 71 76 77 78 79 80 81 82 83 84 91 92 93 95 97 99
1jje 139 158 161 164 166 167 167 81 197 199 25 28 34 51 79 80 81
1jms 343 345 434
1jmy 107 108 294 115 194 194 292 195 320 322 435 62 63
1jnk 147 149 152 189 191 191 189 191 226 193 193 189 194 206 70 71 72 73 74 75 78 91 93
1jp4 117 119 120 121 122 122 51 195 198 219 220 224 238 242 243 247 45 74
1jqg 127 196 270 270 71 69 72
1js4 125 209 210 211 214 215 256 260 261 262 317 318 376 378 420 424 504 506 55 571 574 575 58
1jse 120 121 22 24 27 35 52
1jt1 116 118 120 120 228 121 196 221 223 263 266 293 297 300
1jug 35 52 82 83 85 87 90 91
1k0e 240 241 242 339 34 35 36 394 406 43 44 45 46
1k4y 221 332 336 353 389 467 550
1k7h 149 151 162 310 315 319 356 357 37 432 86
1k8q 153 153 353 154 190 192 196 213 240 243 260 264 275 326 333 353 66 67
1k9y 142 144 145 146 147 147 294 240 241 263 264 267 281 288 290 294 49 72 72 32
1kb0 113 116 117 120 122 167 182 183 184 185 243 245 263 267 308 310 335 389 394 395 435 440 479 543 544 603 604 607 608 620 622 625 629 633 636 637 641 642 645 646 647 648 650 654 67 70
1kcc 150 151 152 153 153 195 173 173 173 174 195 226 228 262 91
1kcw 101 102 1020 1021 1022 1025 1026 103 1031 107 161 163 276 319 324 602 637 680 684 685 690 935 940 974 975 978 980
1kea 126 144 144 42 153 196 197 202 204 207 209 210 213 215 216 66 68
1kg2 120 138 138 147 192 197 199 202 205 208 211 37
1khb 244 264 290 291 310 311 405 405 264
1kit 253 256 257 289 313 336 548 549 619 621 682 683 740
1kkt 115 122 126 182 184 185 267 309 311 312 355 359 362 366 409 423 425 426 429 43 431 438 442
1kl7 123 124 163 276 277 278 279 280 281 330 331 422 449 450
1klt 191 192 193 193 102 195 196 102 196 195 213 214 215 57 57 102
1knp 14 15 16 160 161 162 17 18 19 203 204 205 216 223 257 290 351 351 284 352 37 374 375 38 386 389 391 392 395 45 46 48 49 50 51 52
1ko2 116 118 120 196 233 120
1kpg 12 122 123 124 136 137 138 140 141 142 145 16 167 168 169 192 195 196 200 203 204 205 232 269 278 280 32 33 34 35 71 72 73 74 94 95 99
1kpi 102 103 107 130 131 132 144 145 146 148 149 150 16 182 183 184 20 211 215 218 220 24 247 280 284 287 288 293 40 41 42 43 51 80 81 82
1krh 144 156 157 158 158 335 159 172 173 174 179 180 181 182 220 307 333 334 335 336 337 338 39 40 41 42 44 45 46 47 49 69 83
1krm 103 12 14 152 16 181 211 214 235 237 292 293 55 58 59
1ks4 1 116 118 2 204 3 32 33 34 4
1ksc 210 213 214 254 412 54 57
1kv9 101 102 105 106 109 111 155 170 171 172 173 230 232 250 295 322 377 378 382 383 425 460 524 525 59 590 591 594 595 605 606 608 611 615 619 623 628 631 633 634 636 640
1kwm 127 144 196 270 270 71 69 72
1kxr 100 101 106 109 115 115 272 185 272 296 298 302 309 329 331 333 99
1kya 109 111 162 164 206 265 392 395 398 400 452 453 454 455 458 66
1kzl 101 102 103 139 145 146 147 148 160 161 162 164 165 168 185 2 4 41 41 102 47 48 49 5 50 6 62 63 64 67 97
1l1e 122 123 124 136 137 138 140 141 142 146 167 168 169 32 33 34 35 43 72 73 74 94 95 99
1lba 122 128 130 17 46
1lbm 126 157 158 159 178 180 181 31 34 36 59 7 81 83
1lbu 154 161 192 197
1lc0 102 103 104 123 126 16 170 171 285 289 43 44 45 96 97
1le6 26 28 29 30 46 47 91
1lee 111 123 131 192 214 214 34 216 217 217 215 218 290 294 300 34 34 214 35 36 37 37 34 76 77 77 34 78 79
1lfw 119 153 154 177 217 269 350 414 415 438 439 87
1lga 145 146 147 154 172 173 175 176 178 179 180 181 182 183 193 235 237 39 40 43 46 47 84 85
1li5 209 234 238 266 266 34 269 269 28 37 40
1ll4 130 131 169 171 171 167 171 169 211 237 239 240 293 376 378 43 71
1llc 168 168 195 169 171 173 188 190 195 256 268 269
1lm4 -10 111 112 154 155 158 60 65 -9
1lm6 130 131 173 174 177 72 77
1lml 264 265 268 334
1ln8 28 30 31 32 48 49 94
1lox 353 357 361 362 366 400 404 408 415 541 545 548 593 594 597 663
1lpc 119 121 172 177 180 206 207 209 210 72 73 74
1lpm 122 123 124 208 209 210 213 256 260 296 302 304 341 449
1lqy 104 106 107 108 109 110 111 153 154 157 57 58 59 60 65
1ls6 106 108 130 138 142 148 149 193 197 21 227 228 229 232 240 247 248 255 256 257 258 259 48 49 50 51 52 53 76 81 84 89
1ltk 213 214 215 219 237 238 241 256 291 313 340 341 343 373 374 39 396
1ltv 138 139 143 184 203
1lvh 10 114 145 169 170 8
1lzi 121 122 123 126 211 212 213 303 303 300
1m17 694 719 721 764 766 767 768 769 770 771 772 813 813 815 815 813 817 818 820 830 831
1m2x 116 118 119 120 120 228 167 196 221 233 263 285 288
1m7j 220 250 366 366 338 67 69 96
1m8r 28 30 32 48 49 99
1m8t 28 30 31 32 33 48 49 99
1mbb 110 111 112 113 116 119 120 122 123 124 125 158 159 171 172 173 190 214 217 218 226 228 229 231 232 233 252 254 264 266 267 270 275 288 289 325 327 44 45 46 47 48 49 50 51 52 65
1mbq 102 193 193 102 195 196 102 196 195 57 57 102 57 195 70 72 75 76 77 80
1mdw 105 105 286 175 262 286 288 292 299 319 321 323 89 90 91 96 99
1meg 133 157 158 159 159 179 159 19 179 19 23 24 25 26 65 66 67
1mfu 101 105 132 134 135 140 147 151 163 172 174 195 197 198 200 201 203 205 206 233 233 197 233 236 240 261 272 276 279 284 299 300 313 317 370 371 372 382 383 384 385 387 451 58 59 62 63
1ml9 128 132 178 283 66 81
1mlv 151 221 222 224 225 226 239 240 241 242 243 252 254 287 300 302 80 81 82
1mlw 232 234 235 236 238 241 272 277 312 317 336
1mmp 157 158 168 170 175 176 177 178 179 180 181 182 183 190 191 192 194 196 198 201 215 218 219 219 219 222 228 236 238 239 240
1mn1 143 144 151 169 170 172 173 174 176 177 178 179 180 181 190 191 193 196 198 239 241 38 39 42 45 46 46 42 47 62 64 66 76 80
1mp8 428 430 431 432 436 452 454 471 484 500 501 502 506 546 546 546 548 548 551 550 553
1mpp 133 134 139 216 218 32 32 215 32 215 33 33 215 35 75 86
1mpt 169 170 171 174 176 195 197 221 32 32 155 64
1mq4 139 140 141 142 143 147 160 162 194 211 213 217 256 256 258 256 292 258 260 260 258 261 263 274
1mqb 619 621 622 623 627 644 646 692 693 694 695 739 739 741 743 744 746 757
1mrq 117 128 129 222 227 24 306 308 50 54 55 55 84 84
1mru 138 138 138 140 140 138 140 179 142 143 145 155 156 158 17 20 21 23 25 38 40 93 95 99
1mt6 226 228 265 293 293 245 294 295 296 297 335
1mu0 105 106 137 141 213 216 244 244 106 271 36 37 40 44
1muw 162 182 206 207 211 219 291 254 35 53 56 57 70
1mve 164 189 222 56 58 60
1mwo 110 147 152 155 157 164 166 196 111 198 202 222 222 224 252 256 288 289 289 198 292 318 323 33 347 349 350 36 80 88
1n3u 134 135 136 139 139 140 140 142 143 144 179 18 207 210 214 25 29 34 38 58
1n40 146 230 233 234 237 238 241 280 284 286 309 337 338 339 343 345 346 347 386 62 86
1n5d 11 13 137 138 139 14 141 15 16 188 193 193 197 197 197 197 113 226 227 228 229 230 232 234 235 37 41 61 62 63 64 89 90 91 92
1n7q 185 243 246 250 290 349 399 399 480 399 408 408 418 462 466 519 580
1n8i 271 273 339 432 434 459 460 461 462 541 633 635
1n9b 130 166 221 224 225 226 231 244 261 263 279 280 284 287 288 70 73
1ndf 102 107 120 343 343 554 347 452 454 465 552 554 566 569
1ndh 153 156 63 64 65 66 81 82 83 85 86 91 95 96 97 98 99
1ndr 100 135 136 145 150 255 145 64 66 98 95
1nhc 118 136 138 186 207 208 229 229 207 262 264 35 37 39 40 41 42 44 46 61 65 67 85 86 87 96
1nio 104 105 140 141 142 160 163 77 78 82 85
1nml 108 112 114 115 156 160 192 197 200 201 214 215 216 246 247 248 250 253 259 260 261 271 272 275 280 282 284 292 49 50 51 54 55 69 70 71 73 78 79 80 81 89 92 93 94
1nv8 100 102 103 106 128 129 129 105 130 131 135 151 152 178 179 180 197 197 151 198 199 200 201 217 218 219 273
1nx6 100 103 135 136 163 232 242 246 277
1nxc 282 286 415 455 456 549
1nxk 118 138 139 140 141 186 188 188 186 188 226 190 190 186 191 193 206 207 70 71 72 73 78 91
1nzu 106 110 115 148 44 47 50 54
1o2d 100 136 137 140 142 145 147 149 157 174 177 178 182 186 189 193 256 260 127 270 36 38 39 43 68 69 95 96 97 98
1o4y 147 149 151 22 279 47 49 91
1o6b 10 11 120 124 127 129 17 18 21 88 89 9 91
1o86 162 281 353 354 379 380 383 384 387 411 411 384 415 453 454 457 511 512 513 518 520 523 527
1o88 129 131 166 170 218
1oa7 10 12 120 13 131 15 18 21 45
1oaf 132 134 141 145 159 160 162 163 165 166 167 168 169 172 173 179 205 207 235 30 32 34 35 38 41 42 71
1obr 101 104 129 129 277 14 189 204 277 50 51 56 57 59 61 69 7 71 72 9
1og2 112 113 120 124 131 294 297 298 300 301 301 302 302 305 356 362 365 366 368 391 427 428 429 433 435 436 437 441 444 444 428 97
1oj4 10 100 101 102 103 104 105 106 107 108 110 12 139 140 141 141 181 156 181 185 24 25 26 28 32 60 64 65 66 96 99
1okg 185 253 254 255 37 61 74 75
1olp 1 11 126 130 136 148 152 269 270 271 293 294 295 296 298 335 336 337 56 68
1ong 105 130 132 166 167 170 217 220 221 235 236 237 244 279 280 69 70 73
1op0 102 193 193 102 195 196 102 196 195 41 42 57 57 102 57 195 59 60
1opm 107 108 112 134 135 137 149 170 172 190 191 192 206 208 235 240 242 244 280 282 314 316 318 57 63 96 98
1os8 100 102 178 180 193 193 102 195 196 102 196 195 214 102 230 57 57 102 57 195
1ovw 143 145 171 173 175 197 199 202 209 213 237 345 347 356 42 44 56 58
1owl 11 16 167 228 240 241 242 243 244 247 248 249 280 283 287 290 314 346 349 352 356 367 374 378 380 381 382 385 386 389 390 41 47 51 65
1oxm 119 120 121 175 184 188 189 42 43 81 84
1oyg 241 247 272 308 310 339 342 86
1oz6 28 30 32 48 49 99
1p0i 116 117 198 199 231 245 249 278 325 398 438
1p3j 10 11 12 123 127 13 130 133 136 137 138 14 141 15 150 151 153 160 162 163 13 171 199 201 31 32 33 35 36 53 57 58 59 64 85 86 88 9 92
1p5j 166 167 168 169 170 171 172 222 223 269 303 304 305 40 41 67
1p77 126 127 128 129 130 149 150 151 154 188 189 190 93
1pa2 139 140 141 152 162 165 166 168 169 170 171 172 173 174 175 178 220 221 224 227 229 243 245 31 34 35 37 38 41 42 43 46 47 48 50 52 70 73
1pca 127 144 145 196 243 248 250 270 270 71 69 72
1phk 103 104 106 110 149 149 151 149 186 151 153 153 151 154 156 167 25 26 28 31 33 46 48
1php 195 196 197 201 219 220 223 237 292 293 316 318 320 321 323 350 351 352 353 36 374
1pie 135 136 137 173 179 180 182 183 233 348 36 36 228 42 43 45 46
1pme 103 104 105 106 107 108 149 149 151 151 153 153 151 154 156 166 167 190 151 52 54
1pmi 111 113 138 285 294 304
1pnf 118 120 156 191 206 251 59 60 61 82
1po5 298 299 301 445 302 303 303 302 306 357 363 367 369 392 428 429 430 434 436 437 438 442 98
1poa 111 23 27 29 31 47 48 93
1ppa 22 29 30 31 48 99
1pq2 112 113 120 124 131 294 297 298 300 301 301 302 302 305 356 361 366 368 427 428 429 433 435 436 437 441 444 428 97
1ps9 100 102 104 122 123 161 164 166 175 214 24 25 252 253 255 258 259 26 286 287 288 309 310 311 334 335 336 337 338 339 340 341 342 345 346 351 353 354 379 380 382 383 384 403 404 405 410 411 412 414 415 418 421 424 446 448 462 463 464 468 470 483 487 500 504 505 508 561 562 563 566 571 573 574 577 58 596 623 624 625 629 647 648 653 654 655 656 657
1pwh 135 136 166 167 168 169 170 171 172 221 222 223 224 225 269 303 304 40 41 64 65 67 68
1q13 117 118 166 167 190 216 217 219 22 220 221 222 225 23 236 24 253 268 270 271 272 273 276 279 280 306 50 54 55 55 84 84
1q2l 169 88 91 92
1q45 106 186 189 191 238 30 31 32 320 321 322 33 342 343 344 370 371 64
1q8y 165 166 167 168 169 170 172 185 187 226 247 248 249 250 252 294 294 294 296 296 294 296 567 298 299 301 550
1qf9 127 131 137 139 140 148 15 16 17 176 178 18 19 20 21 37 38 41 42 59 63 64 65 90 91 93 97
1qfy 108 109 110 112 114 124 125 126 127 164 165 166 167 197 198 199 228 229 238 240 242 266 267 268 270 271 306 306 89 308 87 88 89 90
1qgi 218 37 55 57
1qgj 135 136 137 148 154 156 157 161 162 164 165 166 167 168 169 170 171 216 217 220 223 225 239 241 272 275 276 277 279 31 34 35 37 38 41 42 43 46 47 48 50 52 67 70 71 38 72
1qho 101 102 131 132 132 228 184 188 189 190 191 198 21 226 228 229 23 231 232 253 226 256 256 228 258 259 26 260 261 27 31 328 329 372 376 412 413 414 415 446 447 48 50 612 650 662 667 76 77 79 92 93
1qmd 269 271 272 273 293 294 295 296 297 298 299 336 337 56
1qnq 114 116 168 54 169 241 243 246 276 321 323
1qoz 13 175 187 43 44 63 66 90 91
1qpg 121 164 211 213 23 235 236 239 25 254 310 334 336 338 339 340 341 370 371 372 373 38 394 62
1qs2 307 315 349 350 354 355 381 386 387 397 400 425 428 428 222
1qtw 109 145 179 182 216 229 231 261 69
1qwr 116 173 183 193 96 98
1qxw 104 106 165 168 180 200 202 202 202 202 76 204 233 67 75 76 93
1qz3 10 13 155 156 210 214 252 282 30 34 36 37 38 83 84
1r18 114 115 116 117 120 146 147 148 165 57 58 59 60 65 86 87 88 89
1r44 116 123 181 184 71
1r8l 165 263 272 274 276 278 367 370 66
1rds 37 39 40 41 42 43 44 45 57 72 73 74 76 91 96 97 99
1rgy 120 150 152 211 221 272 315 317 318 319 320 64 67
1rj5 106 199 119 199 64 94 96
1rm8 183 184 193 195 200 201 202 203 204 205 206 207 208 215 216 217 219 221 223 226 243 246 247 247 247 250 256 264 266 267 268
1rmg 162 164 177 197 324 351 361 367 368 369 370 373 374 385 386 387 400 401 402 405 407 409 411 412 413 414 418
1rp1 153 176 187 190 191 192 195 263 77
1rpn 100 11 12 124 125 126 128 128 126 13 14 147 150 150 154 154 177 179 180 185 188 189 190 193 211 212 213 216 218 252 277 279 282 34 35 36 37 59 60 81 82 83 85 86 87 9
1rq5 383 386 421 428 429 431 433 434 435 438 473 474 476 546 547 553 555 557 559 560 562 563 606 616 617 678 737 739 791 795 797 800
1ru4 207 209 233 234 237 268 273 402 413 416 417 418 423
1rwc 134 183 233 233 242 242 245 296 300 303
1ry0 117 120 128 129 166 167 190 216 217 219 22 221 222 227 23 236 24 253 268 269 270 271 272 276 279 280 306 308 311 317 318 319 50 54 55 55 84 84 86
1s2n 12 13 157 171 173 19 196 21 220 37 56 61 63 70 70 37 9
1s3g 10 11 12 123 127 13 130 133 136 137 138 14 142 15 150 153 160 162 163 13 166 171 199 201 31 32 33 36 53 57 58 59 64 85 86 88 9 92
1s3i 104 105 106 106 142 115 142 147 152 153 166 189 191 31 32 56 59 86 88
1s4e 100 101 102 103 105 106 107 11 110 147 148 150 151 17 18 195 197 197 20 200 304 305 35 49 52 69 72 94
1s5o 322 326 431 433 444 531 532 533 545 548 81 86 99 322
1s6r 120 150 152 221 272 315 317 318 63 64 67
1s8g 102 18 19 2 22 3 30 45 48 6 9 99
1s95 242 244 271 274 274 304 275 303 304 352 400 427
1sch 140 141 148 152 165 166 168 169 170 172 173 174 175 178 213 214 217 220 222 236 238 270 31 34 35 37 38 41 42 43 46 47 48 50 52 70 73
1sij 100 101 103 137 138 139 368 38 39 40 41 419 420 421 422 43 44 45 46 48 501 531 532 533 535 58 60 622 650 653 654 655 656 660 695 696 697 698 699 700 701 795 797 799 800 804 807 864 865 866 867 868 869 869 869 899 903 99
1sli 293 294 312 318 374 375 392 400 593 595 611 673 713 734
1sm2 369 370 377 389 391 435 436 437 438 441 442 482 484 484 482 486 486 482 487 489 499 500
1sm4 1123 1141 1142 1143 1144 1162 1163 1164 1168 1178 1179 1180 1181 1220 1320 1360 1360 1143 1362 141 142 143 144 144 143 162 163 164 166 168 170 178 179 180 181 220 320 360 362
1sml 160 225 84 86 88 88 191 89
1so0 106 107 176 178 243 279 281 307 70 81 82
1spj 102 169 172 173 193 193 102 195 196 102 196 195 57 57 102 57 195
1srp 177 194 177 334 336 338 351 352 353 356 360 361 362 363 365 383 390
1st3 153 163 164 165 166 168 215 241 32 62 62 32
1szn 132 157 2 215 226 242 243 244 245 246 247 249 250 251 321 322 328 331 334 337 59 60 61 71 73 74
1t43 117 118 119 140 141 142 166 167 168 183 206 94
1t7l 104 106 156 205 464 539 587
1ta8 120 120 122 158 202 25 29 30 315 37 39 42 43
1tc8 19 28 29 30 31 32 33 45 48 49 94
1tjr 134 145 255 263 264 292 293 294 313 314 315
1tmo 116 150 117 118 120 127 149 149 158 187 192 193 196 226 227 228 231 247 249 328 329 332 333 441 442 443 446 447 468 472 484 490 520 646 648 649 650 651 652 655 657 658 659 724 753 771
1tpy 12 122 123 124 136 137 138 140 141 142 16 167 168 169 195 200 203 205 232 236 265 269 32 33 34 35 43 72 73 74 94 95 99
1tqh 193 223 24 25 27 31 94 94 223 95
1tqn 105 118 119 126 130 137 305 306 308 309 309 313 369 370 375 434 435 436 437 440 441 442 443 444 448 452
1u2p 11 12 126 13 16 17
1u3f 115 116 117 118 119 120 121 124 125 128 153 154 3 7
1u5u 102 118 120 135 136 137 142 144 150 193 195 196 322 349 352 353 357 360 53 64 66 67
1u8u 10 108 110 154 157 157 44 160 17 18 21 44 72 73 9
1ua2 137 137 139 137 142 137 175 139 141 142 161 18 20 21 22 23 24 26 39 41 75 92 93 94
1uas 101 128 130 16 162 164 181 185 217 51 52 93
1ud2 104 105 328 194 195 200 229 231 235 261 261 231 263 289 300 301 302 303 304 324 325 327 328 328 329 337 338 339 403 404 427
1ued 105 109 116 161 164 241 245 246 248 249 249 356 250 253 291 292 295 296 298 321 348 349 350 354 356 357 362 93 96 97 98 99
1ug9 136 137 139 142 144 145 146 159 185 211 212 358 362 409 430 628 782 783 786 807 808 946 969 980 982 985 990 991 999
1ui0 100 104 13 15 155 159 16 171 175 18 19 22 41 42 47 53 54 64 65 80 82 83 84 99
1uk0 105 108 109 201 202 203 207 217 218 235 236 237 243 246 327
1uky 104 105 107 111 138 142 148 150 151 159 187 188 189 25 26 27 28 29 30 31 51 52 70 74 75 76
1umk 108 109 110 112 113 120 123 124 125 126 127 181 184 185 91 92 93 94
1umz 102 104 112 114 116 174 178 179 183 250 258 85 87 89
1uqy 104 108 111 156 157 200 201 231 233 238 262 270 272 273 328 336 340 67 68 71
1ut5 128 130 153 155 201 204 68 83
1uu4 120 122 124 131 132 133 205 207 59
1uum 100 120 134 136 145 147 149 181 212 215 255 255 215 283 284 285 305 306 309 333 334 335 355 356 357 359 360 364 40 43 44 47 52 55 56 59 68 95 96 97 98
1uwv 148 161 162 163 164 263 363 364 81 87 89 90 93
1v04 115 117 134 168 169 170 224 269 270 53 54
1v0r 170 172 187 202 448 450 465 467 473 90
1v10 107 109 111 396 401 451 452 453 454 457 66
1v4s 151 152 153 168 169 204 205 210 211 214 215 220 225 229 231 235 256 287 290 452 455 61 62 63 65
1v6c 159 169 170 171 174 176 195 2 225 30 39 404 405 406 407 408 409 411 65 65 30 76 78 80 81 82
1v73 114 117 149 150 150 118 207 258 286 78 80
1v93 104 106 107 108 109 126 127 147 149 153 155 156 165 169 178 18 180 272 49 50 77 79
1v9e 105 197 118 197 63 93 95
1vb3 107 133 134 136 137 186 212 213 218 249
1vbj 110 139 140 161 187 188 189 190 192 193 196 21 213 22 228 229 23 230 231 232 236 239 240 47 52 77 77 52
1vbl 190 229 233 285
1vbr 561 562 565 598 602 605 646 647 647 647 722 724 753 755 794 802
1vck 46 48 49 51 65 67 68 70 84
1vcu 103 111 179 181 21 217 218 237 304 334 41 46 85 86
1vcz 12 17 170 39 42 43 44 50 78 79 8 80 89 92 93 96 97
1ve7 369 445 474 477 485 488 489 524 445 526 527 556
1vh3 10 100 142 15 157 185 187 189 212 213 214 215 72 73 74 75 78 8 9 98 99
1vnc 350 353 360 395 397 402 403 404 47 490 496
1vp5 112 140 141 162 188 189 190 191 193 199 20 21 216 22 231 232 233 234 235 239 242 243 45 50 50 79 79
1vpe 118 147 151 195 196 197 201 21 219 220 223 23 293 317 319 321 322 324 353 354 355 356 36 376 377 59 62
1w0h 134 135 136 137 138 139 185 189 234 238 293 298
1w1o 100 101 102 103 104 105 106 110 111 121 168 169 170 173 174 176 177 180 181 183 184 230 233 234 235 288 391 397 491 492 527 530 61
1w2t 137 138 16 17 188 190 191 208 240 260 33 41 74 75 92
1w6j 192 230 232 233 236 338 380 381 387 444 455 502 503 524 533 581 588 704 696 697 704 98
1w78 122 124 125 146 148 149 153 154 155 173 254 257 28 289 29 30 302 303 304 305 308 309 31 312 58 59 60 61 62 83 84
1w9x 106 107 110 111 140 15 163 166 167 186 187 188 194 198 199 202 203 205 207 209 234 236 237 239 240 266 266 236 268 305 306 307 309 332 333 333 236 333 266 339 340 408 409 432 58 72
1wam 10 12 13 14 174 217 218 219 233 234 252 280 301 313 314 33 34 342 343 349 35 350 351 352 355 40 41 42 59 60 61 9
1wcz 147 167 51 7 9 93
1we1 10 124 125 126 127 128 129 130 131 133 134 137 138 168 17 172 196 199 20 203 26 29 30 42 50 135 54 57 69 70 71 72 74 75
1wkm 153 160 161 165 187 185 187 205 280 50 53 62 82 93
1wky 157 158 223 225 253 345 347 371 374 485
1wlj 11 12 13 14 149 154 53 56 57 90 93
1wma 11 13 137 138 139 14 141 15 152 16 190 193 193 197 197 197 197 113 22 226 227 228 229 230 232 234 235 244 26 37 61 62 63 64 89 90 91 92
1wmd 162 68 186 194 197 201 255 30 367 368 369 384 386 388 391 392 394 400 68
1wmr 115 118 163 164 174 210 211 221 230 24 29 353 372 409 411 440 448 451 452 453 455 460 464 465 490 491 514 516 517 54 94
1woq 122 123 124 150 151 153 154 168 171 180 20 21 22 25 42 83 84 95 96
1wp6 106 107 163 186 187 188 199 205 207 209 234 236 240 266 266 236 268 305 306 307 332 333 333 236 333 266 408 409 432
1wxj 150 172 208 209 21 210 227 229 230 47 97 99
1wyg 111 112 113 115 1261 912 147 148 149 150 255 256 257 258 259 260 261 262 263 300 336 337 341 345 346 349 350 352 358 359 402 403 421 428 429 45 46 47 744 767 1261 867 870 871 872 874 880 907 908
1wza 133 222 224 250 260 260 224 262 329 330 330 224 426 44 46 48 50 52 65 67 70 73
1x8b 305 313 326 328 342 345 346 360 376 377 378 379 382 426 426 431 428 430 428 431 433 463 465
1x8g 120 196 221 224 233 120 263
1xag 100 101 104 124 125 127 130 131 136 145 146 163 166 167 171 178 181 221 231 235 235 115 238 239 242 246 246 136 256 314 39 41 42 45 67 68 71 99
1xc3 103 153 168 171 174
1xjd 386 387 388 389 394 407 409 458 459 460 461 464 465 504 506 506 504 508 508 504 509 511 521 522 542
1xl8 103 105 106 327 327 544 332 335 439 441 452 542 543 544 546 553 555 558 566 85 90
1xm8 112 12 131 169 54 56 58 58 138 59
1xp3 111 146 180 183 215 228 230 260 69
1xr1 121 122 167 167 172 167 204 169 171 169 172 174 185 186 44 50 52 65 67
1xrf 153 305 305 304 61 63
1y1p 131 132 133 151 181 177 181 19 206 207 209 21 22 222 223 23 24 44 72 91 92 93 94 95
1y7v 127 128 179 234 235 246 313 340 342 381 396
1y9g 102 103 188 189 241 313 335 40 41 57 65
1yg9 155 161 216 218 303 307 32 32 215 32 215 33 215 35 75
1yht 166 169 170 183 184 27 280 330 332 94
1yiq 106 109 110 113 115 160 175 176 177 178 235 237 255 259 300 302 327 385 386 390 391 441 477 542 552 579 595 60 605 606 608 609 610 616 618 621 622 623 624 625 626 63 630 634 637 638 642 645 646 647 648 650 654 662 665 668
1yj3 100 105 131 133 142 205 211 212 216 236 238 238 238 255 269 94 97
1yjq 10 11 118 120 121 122 176 256 29 30 31 6 7 71 72 75 79 9 97 98
1ylh 108 111 112 175 176 207 213 232 232 333 254 265 268 269 285 333 336 413 65 74 79 84
1yly 104 105 130 132 166 170 236 237 238 240 69 70 73
1ym1 104 105 130 132 166 170 234 235 236 237 238 240 276 69 70 73
1yny 150 183 239 288 315 315 314 58 60
1ytm 1060 1206 1225 1225 1327 1243 1244 1245 1246 1247 1248 1249 1250 1262 1263 1280 1282 1327 1407 1435 1443 1444 1449 206 225 244 245 246 247 248 249 250 263 282 327 327 225 407 435 443 444 446 449 60
1yvj 828 829 836 853 902 903 904 905 908 909 911 949 949 951 953 954 956 966 967
1yxh 28 30 32 48 49 94
1z10 101 107 111 117 118 128 182 297 300 301 302 304 305 305 432 306 309 360 369 370 372 395 431 432 433 437 438 439 440 441 444 445 480
1z1w 233 265 266 269 288 351
1z4r 530 531 568 573 575 575 642 576 577 578 579 580 581 586 587 588 589 591 592 611 612 613 615 617 620 621 622 624 645
1z57 172 175 189 191 225 241 242 243 244 288 288 290 288 293 288 342 290 292 293 295 324 325
1z7w 179 181 182 183 185 224 225 226 269 296 297 302 46 46 46 77
1zau 121 122 123 123 211 124 125 128 184 236 298 300 324 90 91 92 94
1zc0 178 236 236 269 270 271 272 274 275 276 277 314
1zc2 150 272 292 293 315 316 317 318 346 64 67
1zcm 100 101 106 109 113 115 115 272 116 185 206 207 208 210 271 272 296 298 302 309 329 331 333 99
1zhm 102 119 121 122 123 189 190 191 192 193 193 102 195 196 102 196 195 202 203 213 214 215 218 219 226 57 57 102 57 195
1zin 10 11 12 123 124 127 13 130 133 136 137 138 14 141 142 15 150 153 160 162 163 171 199 201 31 32 35 36 53 57 58 59 64 85 88 9 92
1ziv 167 254 278 280 284 291 312 314 316 81 82 83 88 91 91 97 97
1zj8 128 129 130 132 134 136 166 206 207 209 222 246 247 248 290 379 417 418 419 423 424 425 426 431 462 463 465 466 467 469 69 95 97
1zja 104 198 200 200 254 22 238 24 254 256 26 28 30 326 327 327 200 327 224 327 254
1zkj 151 272 312 40 65 68 7
1zm8 122 124 155 246 249 255 256 265 269
1zmr 193 237 240 341 36 364 82 85
1znc 106 199 119 199 64 94 96
1zov 10 12 13 14 172 173 200 201 202 204 208 225 254 269 315 316 317 32 33 34 342 344 345 346 347 348 35 39 42 43 44 45 344 49 50 9
1zpu 124 126 128 165 189 190 288 290 40 413 416 418 483 484 485 486 489 543 544 81 83
1zyz 218 426 428 430 443 744 745
1zzm 11 117 133 144 148 157 206 207 9 97
2a0n 103 104 11 130 82
2a2c 107 110 136 141 142 143 145 146 147 148 150 179 186 187 189 190 191 232 233 234 234 332 240 401 402 43 49 50 52 53 83 88
2a7m 104 106 108 108 108 109 169 191 198 198 235
2a8a 227 231 266 365 368
2aaa 121 162 175 204 206 210 230 230 206 260 122 296 297
2abk 120 138 148 182 186 187 192 194 197 199 200 203 205
2ac1 116 118 119 123 143 145 146 168 169 170 203 23 242 277 279 297 299 300 301 396 400 461
2ac3 205 205 207 209 210 253 299 303 311 314
2acy 21 23 24 29 32 41 60 64 68
2add 107 116 118 119 146 147 201 21 22 274 38 398 399 410 420 445 46 513 82 83
2ae7 183 184 185 187 222 248 249 250 275 276 282 285 310 311 312 313 314 315 340 343 345 346 355 356 359
2afm 159 201 202 330
2aip 102 110 193 193 102 195 196 196 195 57 57 102 57 195 81 83 96 96 195
2ajp 113 115 118 150 153 186 187 199 201 225 226 228 230 232 233 234 235 237 267
2ak3 126 13 15 159 16 161 162 17 170 18 19 36 37 40 41 58 62 63 64 69 89 90 92 96
2apr 218 218 35 218 38 219 220 33 35 35 218 36 36 38 38 77 221
2as9 156 158 205 206 207 32 40 78 78 40 86
2atx 130 132 133 172 173 174 25 26 27 28 29 30 31 32 42 49 71 74 75
2b3h 229 231 240 303 314 334 336 336 336 367
2b3x 125 126 176 177 178 205 207 302 436 437 503 506 507 535 778
2b5o 179 180 181 182 200 201 202 204 206 217 218 219 220 260 360 181 400 402
2b9f 137 137 139 137 142 137 185 139 141 142 144 155 19 24 27 40 42 55 93 94 96 99
2bdg 100 102 189 190 191 192 193 195 196 102 213 215 216 220 226 57 57 102 57 195
2bdz 133 157 158 159 159 175 159 19 175 19 23 24 25 26 61 64 65 66 67
2bf4 116 117 118 119 120 152 153 154 157 159 160 161 187 193 285 306 364 365 366 367 405 406 407 434 439 440 441 442 444 644 457 458 459 461 463 474 475 476 477 478 479 541 542 543 580 581 610 611 617 619 621 646 649 650 67 68 689 69 690 691 70 71 72 74 75 78
2bgi 100 101 130 133 140 142 145 146 172 173 176 178 179 182 186 265 266 267 268 271 272 35 49 55 64 65 66 67 71 73 74 80 81 82 84 87 88 89 90
2bgs 121 122 166 167 188 214 215 216 217 218 219 220 223 225 257 258 259 260 261 262 265 268 269 295 30 31 32 55 55 60 60 88
2bhy 101 121 122 126 218 219 220 221 222 223 241 275 275 273 308 310 311 313 314 315 328 332 336 337 340 345 350 351 352 354 361 371 375 376 378 382 383 399 400 401 404 522 528 529 530 531 538 539 550 551 552
2bij 379 435 437 437 472 439 471 472 478 478 478 479 520
2bkl 102 169 170 249 403 453 456 533 534 559 574 616 618 619 651 72 84 99
2bkv 133 136 138 143 167 202 37 38 39 67
2bl9 114 115 116 117 120 121 13 136 137 138 139 14 15 153 154 173 174 175 176 177 178 179 194 39 40 43 44 45 53 54 57
2bmb 379 380 381 382 383 390 392 434 463 465 551 597 598 636 655 657 755 760 801 803 807 842 844
2buj 100 101 102 103 104 148 148 148 150 150 148 150 195 152 153 165 24 26 27 28 34 45 47 49 59 87 92 98 99
2bwk 113 114 114 13 12 13 40 50 54 6
2bxr 19 20 216 22 23 24 242 243 244 272 273 277 335 337 352 397 402 406 407 42 43 434 435 44 443 444 445 448 45 50 51 52 66 67 68 69 71
2c1c 127 196 270 270 71 69 72
2c43 100 101 102 118 119 120 121 139 141 162 187 190 191 194 195 198 200 201 205 244 195 57 96 99
2c47 119 120 121 122 123 125 125 127 125 130 125 175 127 128 129 169 172 187 259 260 261 60 93
2c6z 126 128 144 172 267 268 269 273 29 72 75 77 78 97
2c7f 172 173 178 244 27 292 296 352 71 72 97
2c8a 128 129 174 175 176 183 186 212 214
2c9y 138 142 150 151 156 166 175 177 178 142 186 214 215 216 24 25 26 27 28 29 30 48
2cdn 10 11 12 123 127 129 13 131 132 14 140 15 166 167 168 31 32 35 36 53 57 58 59 64 85 86 88 92
2cdz 327 329 335 348 379 395 396 397 398 399 401 440 442 442 445 442 478 444 440 447 457
2cfi 104 106 106 142 133 135 140 142 86 87 88 89 90 92 95
2cfm 226 227 247 248 249 250 254 269 299 339 401 403 418 420
2cfo 192 196 210 211 214 251 6
2chl 117 118 119 120 151 151 151 153 153 156 153 201 155 166 167 169 184 185 331 332 333 49 54 57 70
2ciq 159 264 57 81 86
2cjl 115 182 67 68 77
2ckr 145 146 158 162 163 169 173 185 189 192 251 253 263 263 263 287 289 299 330 334 338 355 389 394 396
2cmw 105 106 110 117 118 119 120 121 122 164 166 166 164 168 164 169 171 186 214 164 334 335 336 47 50 51 58 61 62 63 64 65 71 72
2d1q 200 201 220 247 247 445 318 319 320 340 341 342 343 344 345 364 424 436 439 450 526 531
2d3y 10 102 103 104 113 115 129 13 130 133 15 16 19 42 46 47 48 59
2deb 120 133 305 308 372 590 590 372
2dei 101 103 104 105 108 145 146 149 15 16 18 193 195 198 47 50 67 70 9 92 98 99
2dho 111 112 115 116 135 136 146 147 148 150 193 194 196 40 51 68 77 80 84 85 86 88 97 99
2dq6 264 297 298 301 320 381
2dw4 284 285 287 288 289 307 308 309 310 315 316 329 330 331 332 333 335 661 551 588 589 590 624 625 626 659 751 756 760 761 800 801 809 810 811 814
2e0i 100 102 106 202 213 214 215 216 217 220 221 243 246 247 274 306 309 312 313 316 327 33 331 334 338 34 340 341 342 343 345 346 349 35 350 36 38 39 40 43 45 46 51 54 8 9 98
2e0p 150 153 155 185 186 285 297 35 359 392 395 401 46 47 54 60 63 64 69 71
2e1p 108 110 115 124 153 164 166 168 170 205 208 210 211 212 214 216 218 222 224 225 226 227 229 264 372 373 374 375 376 377 379 84
2e40 123 169 170 20 299 299 170 301 365 415 422 423 431
2e5v 10 139 140 141 171 172 173 183 184 191 224 251 212 257 257 29 30 31 313 314 336 337 34 348 35 351 353 354 36 37 39 40 42 43 5 6 7 8 9
2e7z 11 111 114 12 13 133 142 137 14 140 141 15 158 16 170 171 172 173 177 178 179 180 181 185 199 200 201 202 204 216 218 219 221 293 295 296 299 300 387 39 40 41 416 417 418 422 423 442 443 444 447 45 46 460 465 475 477 48 49 602 604 605 606 607 608 610 611 612 613 614 676 699 703 719 720 9
2e8y 275 276 281 301 340 404 406 435 435 406 437 525 524 525 525
2e9e 101 104 105 108 109 110 112 113 114 184 186 188 190 255 258 259 340 341 342 344 347 348 350 351 354 363 380 397 417 421 433 436 44 440 446 45 452 46 47 504 506 558 559 560 561 95 96
2e9l 120 164 165 167 17 171 176 249 250 279 280 281 307 307 165 309 322 326 327 332 334 345 373 417 424 425 433
2ea1 128 129 133 194 208 55 58 76
2eab 385 390 392 393 399 56 567 76
2eek 102 189 190 192 193 193 195 195 196 102 213 215 219 220 226 57 57 102 57 195 70 72 75 77 80
2ej9 106 109 11 110 111 12 122 123 124 237 34 37 38 39 40 43 45 54
2eva 105 106 107 111 156 158 158 156 158 192 160 160 156 161 163 175 43 44 45 61
2ew5 100 103 131 134 135 138 139 142 42 44 45 46 51 92 94 95 96 97
2ewy 124 131 211 241 241 48 243 244 244 48 244 242 245 248 326 327 46 48 49 50 51 86 87 88
2f7d 133 158 159 159 175 159 19 175 19 23 25 59 60 65 66 67
2f8q 149 230 149 259 261 292 351 354
2faf 263 283 307 309 330 424 424 283 467 471 576 630 633 637
2fbd 10 32 4 50 7
2fgz 1001 1003 1006 1007 1070 481 482 487 550 553 555 568 607 775 677 706 706 834 706 675 708 721 734 677 775 833 834 834 893 994
2fhx 115 116 118 120 196 218 220 221 224 232 233 84
2fj0 145 146 147 225 226 227 259 313 314 357 361 365 368 416 424 471 98 99
2fk8 103 104 108 131 132 133 145 146 147 150 151 154 52 41 42 43 80 81 83
2fpq 229 233 269 372 375
2fr0 1672 1674 1675 1676 1677 1697 1698 1699 1700 1703 1725 1726 1727 1728 1752 1753 1754 1775 1776 1798 1799 1801 1813 1817 1847
2fr7 100 107 111 163 248 251 252 254 255 255 370 256 256 361 298 301 303 326 353 354 355 359 361 362 363 367 99
2ftd 134 160 161 162 162 182 162 19 163 182 184 19 21 22 23 25 26 59 61 65 66 67 68
2fvl 117 166 167 190 216 217 218 219 22 220 221 222 23 24 253 268 270 271 272 276 279 280 50 55 55 84 84
2fy3 324 324 540 436 538 539 540 552 84 85 98
2fyt 241 247 250 256 280 281 282 285 286 302 303 304 328 329 330 331 346 346 259 355 357 360
2g1h 10 11 117 121 200 201 250 91 92 93
2gfo 1067 1084 781 786 936 939 985 988
2ggq 10 11 12 13 13 261 179 181 23 344 6 73 79 8 83 9
2ggs 10 105 106 107 11 12 130 130 134 130 107 134 151 152 153 154 158 30 31 32 33 41 42 43 64 65 66 68 7 83 84 9
2giv 142 143 144 145 146 151 152 153 154 156 157 177 180 181 183 184 186 187 19 190 37 40 53 57 97 98
2gke 11 13 157 159 190 208 209 217 218 219 44 64 70 72 73 74 75
2gko 114 168 213 216 218 220 223 249 286 287 29 294 295 296 298 301 34 49 57 71 71 34 97
2glx 10 11 12 120 122 159 162 163 176 180 192 196 258 283 33 34 38 70 71 72 73 76 8 9 93 94
2gmn 101 103 105 105 208 106 158 172 177 229 242
2gmw 100 112 114 127 129 131 131 73
2gpt 159 414 214 241 328 336 338 379 381 385 406 423 550 575 578 582
2gq3 118 119 120 125 126 129 130 271 273 295 305 312 339 374 377 378 382 383 385 434 459 460 461 462 541 543 545 619 621 631 633
2gr9 129 130 154 155 156 157 158 172 215 218 219
2gtq 260 293 294 297 316 377
2guy 121 162 175 206 210 230 230 206 230 122 230 204 296 297
2h1j 356 360 384 490
2h5u 107 109 111 14 20 21 395 400 452 453 454 455 458 66
2h6s 197 214 218 219 35 32 32 218 32 218 32 35 32 221 33 35 84
2hfu 152 167 169 198 196 20 202 24 25 27 28 283
2hi4 108 118 124 125 133 137 144 226 260 313 314 316 317 318 320 321 321 458 322 376 381 382 385 386 388 411 450 451 456 458 459 460 464 468 497
2hih 124 243 290 291 292 314 354 355 357 362 365 72 92 98
2hix 258 259 260 261 265 280 310 350 412 414 427 431 433 435
2hk9 106 130 131 132 133 134 153 154 155 158 187 188 189 19 190 192 21 214 216 235 238 239 242 64 66 67 70 91 97
2hke 144 145 19 196 200 22 274 30 349 350 365 366 42 43 77
2hrb 12 138 139 14 140 142 15 16 17 191 198 194 194 198 194 114 198 228 229 231 239 38 42 62 63 64 65 90 91 92 93
2hrg 103 107 109 111 143 153 154 155 158 162 188 22 224 225 23 324 326 331 382 384 390 391 394 397 399 433 449 450 451 452 455 54 57 64 66
2hs6 106 185 188 190 237 280 30 31 319 32 320 321 33 342 343 369 370 64
2hy3 1028 1059 1060 1061 1062 1063 1064 1065 1066 1066 1060 1066 1028 1067 1104 955
2hyk 123 125 125 123 127 128 14 237 58
2i0e 348 349 353 356 369 404 420 421 422 423 466 468 468 466 468 504 470 470 466 471 473 483 484
2i0v 588 614 616 663 664 665 666 778 778 780 780 778 782 783 785 796 797 800
2i6q 242 244 317 487 487 657 487 659 525 541 659 659 659 660 657 678 657
2ics 125 154 156 188 211 272 278 60 62 70
2ify 11 153 260 335 402 406 443 444 461 61
2ikf 144 147 148 169 173 187 188 189 52 53 54 65 66 68
2ima 161 163 194 223 224 227 262 363 366 369
2img 100 101 102 65 66 95 96 97 98 99
2iod 12 126 127 128 128 167 129 130 133 134 14 15 152 156 159 16 160 163 163 152 164 167 17 190 191 192 193 204 205 208 219 222 227 37 44 64 65 84 85 86 87 88 89
2ips 101 104 105 105 255 108 109 112 113 114 145 216 217 229 258 259 341 342 344 347 348 350 351 354 363 380 397 417 421 423 433 436 440 45 452 46 462 463 466 559 560 77 80 81
2ipx 141 168 170 192 193 216 217 218 219 237 238 240
2iuk 525 530 716 720 864
2ivd 125 126 128 129 131 132 134 15 16 166 167 168 170 18 19 20 249 250 251 282 283 284 287 311 313 329 330 331 332 342 344 345 365 38 39 40 412 440 441 446 447 448 46 47 61 62 63 64 66 95
2iwi 100 116 117 118 124 163 163 165 163 200 165 167 168 170 181 182 38 39 43 46 59
2j0j 428 429 436 452 454 499 500 501 502 505 506 546 546 546 548 548 551 550 553 564
2jbv 100 101 102 103 20 22 23 230 231 232 24 268 269 270 273 44 45 464 465 466 499 500 510 511 512 515 61 71 88 89 90 91 92 95 96 99
2jc4 146 148 217 217 105 247 34 7 9
2jc5 10 109 149 151 221 247 247 221 36 8
2jcb 135 137 138 139 140 141 142 143 144 145 172 173 2 5 9
2jeq 131 135 137 138 139 181 182 264 266 323 361 363 50 65
2jfn 100 104 112 113 114 115 116 117 119 120 204 205 206 227 230 231 233 234 28 29 29 204 58 59 60 61 92 93 94
2jg6 16 17 175 179 38 4 46
2jie 122 166 167 167 167 167 356 22 296 298 328 356 402 409 410 418
2jim 111 13 136 14 140 140 141 15 16 173 174 175 176 179 18 180 182 183 19 20 204 205 206 222 223 225 307 308 309 310 312 313 345 346 416 417 418 422 443 444 445 446 449 46 461 462 463 47 49 50 614 615 616 617 618 619 621 622 623 624 626 627 689 697 713 714
2jjn 106 238 241 242 244 362 245 246 246 353 249 282 287 288 293 345 346 347 351 353 355 358 359 87 88 95 99
2jjq 250 222 252 278 279 280 283 299 300 301 324 325 326 340 341 342
2jkb 245 246 264 270 326 327 344 352 539 541 557 619 653 674
2k4w 128 147 73 48 50 73 82 90 93
2ko7 110 47 48 65 67 70 93 98
2man 127 128 128 225 196 198 225 254 258 259 260 263 30 31 50 59 86
2nlr 104 106 120 122 134 155 160 203 22 24 57 65 66 8
2nru 185 192 193 200 211 213 246 262 263 264 265 266 267 268 269 273 280 311 313 313 311 315 311 318 351 316
2nxe 100 107 128 128 106 129 130 134 149 150 174 175 191 192 196 99
2nya 10 11 114 12 13 139 143 143 144 15 16 17 176 177 179 182 183 185 186 207 208 209 211 223 226 228 335 336 337 338 340 373 374 444 445 446 45 450 47 472 473 474 477 48 489 490 491 495 522 681 682 683 684 685 686 688 689 690 691 693 694 758 766 782 783 784
2nzl 108 130 132 132 263 158 160 236 258 26 260 261 263 27 291 292 293 295 314 315 79 80 81
2o2h 109 110 133 144 145 248 249 273
2o40 112 129 131 132 133 134 152 154 185 188 25 26 25 27 28 29 30 47 48 49 8 81 82
2o7r 169 170 203 231 276 278 306 92 93
2o86 101 104 105 105 255 108 109 112 113 114 145 146 216 217 218 228 229 258 306 309 341 342 344 347 348 350 351 354 359 361 363 367 376 380 397 402 411 417 436 440 446 45 452 46 529 531 559 560 561 77 80 81 86 87
2o8j 1017 1021 1048 1049 1050 1067 1084 1085 1109 1110 1112 1113 1154 1166 1167 1168 1169 974 987
2ocg 122 227 122 255 35 57 78 84
2okc 151 152 153 154 156 177 178 179 180 181 183 184 214 215 216 242 243 244 259 260 261 288
2olv 114 145 152 155 156 163 167 168 171 196 231 232 233 234 235 398
2oof 242 297 317 72 74
2oq5 100 102 189 190 192 193 193 102 195 196 195 213 214 195 215 218 226 57 57 100 57 102 57 195
2os1 108 110 111 113 114 115 150 153 154 157 158 161 188 56 57 58 59 60 65
2os3 125 128 129 130 131 132 167 170 174 175 178 205 68 69 70 71 72 77
2ou2 193 211 214 227 231 271 272 316 317 318 319 320 325 326 327 328 330 331 351 354 355 357 358 361 364 368
2ov5 105 130 132 166 216 234 235 236 237 70 73
2oxe 172 195 206 207 209 211 214 282 383 385 96
2oxp 113 115 35 84 85 87 89
2p0c 593 594 601 617 672 673 674 678 712 716 723 723 725 727 728 730 741 848
2p18 139 164 171 172 173 210 212 216 266 290 291 76 78 80 81
2p3x 108 117 235 239 243 259 272 87 91
2p85 101 107 116 117 118 128 182 209 297 298 300 301 302 304 305 305 432 309 360 365 366 370 372 395 431 432 433 437 439 440 441 444 445
2p9t 122 166 170 215 23 25 373 38 396 62 65
2pfr 102 103 104 107 122 124 208 209 214 215 216 217 287 288 37 67 68 93 95 97 98
2pia 121 124 223 225 270 271 272 273 274 275 276 277 278 280 306 308 44 55 56 57 57 199 58 72 73 74 79 80 82 83
2ppl 172 194 205 208 210 213 281 421 422 424 426 458 96
2pqj 128 129 130 202 206 207 210 93 94 95
2pre 155 156 157 157 19 158 173 19 23 24 25 26 61 64 65 66
2q1f 161 24 26 401 454 461 461 514 50 51 52 53
2q9f 104 108 109 110 121 125 126 134 138 226 227 299 302 303 305 446 306 307 307 306 310 367 368 370 371 429 430 431 435 437 438 439 442 443 474 475 80 81
2qed 110 127 165 53 55 57 57 134 58
2qes 120 122 170 174 175 178 71 72 73
2qew 264 290 405 405 264 502 607
2qfl 186 187 188 67 87 89
2qkr 100 101 102 107 144 144 144 146 146 149 146 182 148 151 29 31 37 49 98 99
2qlt 136 168 199 200 39 41
2qlu 215 245 265 266 267 268 321 321 323 325 326 328 361
2qo7 629 630 631 651 653 699 700 701 702 706 746 746 748 748 746 750 751 753
2qt3 160 217 220 303 60 62
2qt6 109 111 153 154 155 158 179 20 22 23 318 324 326 341 367 375 382 384 394 397 399 435 451 452 453 454 457 469 472 54 57 64 66
2qtl 421 451 452 453 454 469 470 473 475 487 488 489 490 525 650 453 695 697
2qxg 102 190 191 192 193 193 195 195 196 102 214 215 216 220 57 57 102 57 195 58 99
2r3a 125 128 150 151 152 169 189 192 193 216 217 218 219 220 222 261 286 287 288 289 294 298 83 84 85
2r4b 732 749 751 772 781 782 783 794 796 797 798 799 802 803 806 843 843 845 843 848 845 847 850 860 861 862 864
2r5t 104 107 108 109 125 127 160 177 179 222 222 224 224 226 227 229 239 260 224
2r6h 166 209 210 211 212 226 227 228 230 231 232 245 246 247 248 249 250 251 288 410 411
2r9v 172 173 174 175 176 177 178 202 262 350 355 366 201 423 425
2rc5 115 116 117 119 120 121 130 132 133 134 135 175 189 224 272 299 312 312 96 314 69 94 95 96 97
2rf5 1224 1234 1237 1242 1245 1291
2rfb 193 194 197 198 200 313 201 202 304 205 240 241 244 246 247 270 296 297 298 302 304 305 306 309 310 56 57 64 68 75
2rgl 176 176 386 29 313 315 386 433 440 441 449 65 68
2rgx 10 11 12 120 121 124 13 133 134 135 138 14 15 150 152 153 161 163 167 189 190 191 31 32 35 53 57 58 59 64 82 85 89 9
2rnf 101 11 116 117 118 119 12 12 40 40 42 43 44 7
2shp 356 361 420 423 425 425 465 429 430 432 435 438 458 459 465 466 468 469 472 513 516
2uwf 159 236 265 267 159 28 282 298 30 302 308 311 312 321 324 327 340 357 360 362 366 91
2uzz 11 12 13 172 199 200 201 207 220 249 263 308 309 310 32 33 335 337 337 44 338 339 340 341 38 41 42 43 48 49 9
2v2q 127 128 129 130 145 169 170 171 172 175 237 238 24 25 55 60 61 85 88 89 9 90 92 95 96 99 9 171
2v77 127 144 145 196 197 198 203 247 248 268 270 270 71 279 69 71 72
2v7b 236 237 238 308 309 333 334 339 340 433 438 520
2vcd 108 109 55 65 66 77 81 82 83 84 86
2ve3 101 105 112 159 182 250 251 253 254 255 257 258 258 384 259 29 312 317 318 319 320 323 344 345 346 383 384 385 389 391 393 396 397 401 428 80 84 93 94
2veg 110 112 135 15 17 201 206 231 233 237 282 284
2vfc 109 110 127 130 131 132 152 169 170 204 209 210 220 221 222 229 232 234 236 38 69 70 95 97 98
2vh9 178 180 259 26 261 27 46 47 79 81 85 86 94 96 98
2vlc 10 167 170 213 220 295 296 328 333 335 378 379 380 410 420 513 59
2vn1 101 106 110 118 44 55 56 61 65 73 74 75 78
2vn9 136 138 138 136 140 136 141 157 177 136 20 21 22 28 41 43 90 91 92 93
2vna 135 139 165 166 167 187 188 192 208 231 253 254 255 256 257 259 287 289 332 333 335 337 50 60
2voa 10 105 108 11 110 116 14 146 146 248 148 15 203 204 218 244 248 61 62 8
2vor 100 101 176 203 205 299 303 340 353 354 356 360 363 455 457 474 74 75 76 77 78 79
2vrq 175 176 242 248 28 298 302 347 352 73 74 98 99
2vvz 347 348 366 372 416 417 434 442 590 598 602 647 663 695 721 752
2vwb 10 106 110 12 127 129 130 131 155 158 159 170 172 173 176 252 253 255 256 283 284 451 453
2vx3 165 166 167 168 170 171 172 173 186 188 238 239 240 241 242 243 287 287 287 289 289 287 289 292 291 292 294 307 324
2vy0 170 172 174 175 287 53 55 97
2vz6 135 137 137 135 139 139 135 140 142 155 156 176 135 19 20 40 89 90 91 92 95
2w3v 10 102 103 104 105 106 107 108 11 110 134 18 22 24 31 35 47 48 49 50 53 54 69 70 71 72 84 9
2w4o 119 120 121 164 166 166 164 166 204 168 168 164 169 171 184 185 52 53 60 73
2w62 107 132 134 135 136 139 140 141 142 143 175 176 176 275 177 216 217 218 222 239 245 247 254 255 275 280 281 307
2w9s 14 15 18 19 20 27 31 43 44 45 46 49 5 50 6 62 63 64 65 7 77 92 93 94 95 96 98
2wad 288 290 292 313 386 676
2wef 117 119 122 122 51 247 74
2wei 103 105 136 150 153 154 155 198 200 200 198 200 238 202 198 203 205 218 222 82
2wgr 124 125 130 131 132 135 148 149 150 151 78
2whl 126 127 192 194 222 251 255 256 257 260 31 32 61 88
2wm4 111 118 122 156 158 160 176 198 264 267 268 270 271 271 272 272 314 315 318 320 343 370 371 372 377 379 380 381 385 388 379 60 63 97
2wqn 112 114 161 163 163 166 163 199 165 161 179 40 43 44 45 46 48 61 63
2wtz 157 152 194 195 196 198 222 224 228 230 247 248 262 67 68 69 70 78 81 83 84 85 86 88 91
2wu6 162 170 184 220 236 237 239 240 241 245 283 283 285 283 337 285 287 288 290 320
2wv2 103 106 110 116 124 127 134 291 292 294 295 295 431 296 415 299 356 359 361 414 415 416 420 422 423 424 460
2yvw 101 124 129 130 131 132 133 168 170 171 172 31 310 311 32 333 334 376 403
2ywr 107 109 12 13 131 136 14 145 145 109 157 158 159 44 47 48 53 54 79 87
2yxx 177 179 182 214 246 248 249 343 46 65 88
2z00 147 174 205 233 306 306 144 55 57
2z1a 115 116 119 215 238 240 345 349 37 383 39 83
2z1k 121 164 165 167 169 170 200 202 202 315 202 121 202 200 203 205 206 232 232 315 232 256 232 234 234 238 244 274 275 276 314 315 358 359 363 79 81 82
2z36 103 107 242 245 246 248 249 249 250 250 296 298 321 348 349 353 354 356 357 358 362 365 356 410 412 95 96
2z38 144 191 198 211 212 219 223 224 234 234 212 255 256 260 266 270 286 357 360
2z3t 106 110 117 250 251 254 255 257 258 258 259 259 295 300 304 306 329 356 357 358 361 362 364 365 366 369 370 373 364 403 67 98 99
2z7q 142 143 144 187 189 189 187 191 187 192 194 204 205 225 192 68 69 70 71 72 92
2zbx 103 107 114 240 244 245 247 249 248 249 252 285 290 291 294 297 347 348 349 353 355 356 357 361 364 348 95 96
2zic 148 151 194 194 313 194 236 194 103 194 192 21 23 230 236 238 25 27 29 312 313
2zo4 171 190 233 70 72 74 74 197 75
2ztx 145 147 25 40 71
2zue 128 129 132 135 137 138 141 300 31 321 324 325 33 34 38 383 384 386 388 389 415 417 418 424 44 451 455 47 48 483 484 486 487 500 501 502 506 509 51 512 513 516 517 584 585 587 588 590 592 593 628 629 82 85 87
2zum 108 200 201 297 299 321 325 342 372 373 410 62 76
2zv2 172 180 193 195 250 268 269 270 271 272 274 275 313 315 315 313 317 313 318 320 331 351 313
2zv8 253 261 273 320 322 367 367 372 369 371 369 374 385
3a9b 101 102 150 150 334 158 195 198 237 295 297 328 329 332 61 96
3adk 129 132 138 140 141 149 16 18 19 20 21 22
3bc9 131 184 198 232 233 235 236 237 239 260 264 283 286 303 304 305 306 307 310 311 313 316 317 319 321 323 348 350 351 353 354 380 380 350 382 384 419 446 446 350 447 449 450 455 458 459 460 461 462 463 464 488 517 518 526 527 530 533 541 588 589
3bcn 131 155 156 157 157 19 173 19 23 24 25 26 65 66 67 68
3bfc 105 130 132 166 170 216 234 235 236 237 274 276 69 70 73
3bfk 125 126 128 129 155 156 157 21 22 23 24 25 26 36 37 38 40 41 71 21
3bfx 109 131 139 194 228 229 230 233 257 258 259 260 49 50 51 52 53 54
3bhh 136 138 138 136 140 140 136 141 143 156 157 177 136 20 21 28 41 43 74 90 91 92 93 96
3bkb 567 568 569 575 588 590 607 636 637 638 639 642 683 683 685 685 683 687 688 690 700 701
3bo5 104 108 135 136 137 154 177 178 206 207 208 209 210 248 263 272 273 274 284 286 61 75
3bpf 149 172 173 174 174 42 175 204 36 36 204 40 41 42 43 78 81 82 83 84
3bpt 100 118 121 145 146 149 168 169 169 169 172 174 177 178 349 350 56 57 59 96 97 98
3bur 120 132 169 170 193 219 220 221 222 223 224 225 226 227 230 231 239 24 25 256 26 271 272 273 274 275 279 282 283 309 53 53 58 57 58 87 87 58 89
3bzn 284 318 416
3c0g 141 141 143 141 182 143 145 146 148 162 18 26 39 41 91 92 93 94
3c6g 109 115 116 118 120 125 126 133 137 144 214 221 238 239 240 241 250 253 302 305 306 307 310 311 313 314 314 315 315 318 375 379 381 404 440 441 442 446 448 449 450 454 457 441 487
3c7a 10 11 12 13 144 147 148 212 329 35 38 91 93
3cez 104 107 113 117 126 128 55 58 73
3cg5 117 142 182 186 252 253 254 83 84 87
3cia 300 324 325 328 347 410
3cmd 113 114 115 157 158 161 60 65
3cmq 119 121 124 143 150 151 152 155 157 159 232 234 251 253 254 255 275 276 277 282 293
3cok 135 137 137 135 139 135 140 142 17 18 19 20 25 38 40 88 89 91 98
3cpm 110 114 123 128 171 172 213 214 217 237 240
3cql 117 118 119 120 121 123 124 157 165 198 199 203 211 215 217 220 221 224 66 67 80 86 88 89 90
3cse 10 11 121 122 123 124 125 126 127 129 19 20 23 24 25 32 33 36 55 56 57 58 61 62 63 69 77 78 79 9 96 97 98
3cux 114 116 163 247 275 286 287 443
3cuz 117 119 166 250 278 447
3cxm 204 205 206 208 218 219 265 331
3czg 137 140 180 392 244 278 280 280 392 305 280 329 339 391 392 416 334 515
3czv 106 199 119 121 131 198 199 200 209 64 92 94 96
3d3l 360 365 540 544
3d3z 107 110 111 115 35 37 51 96 97 98
3d5w 100 117 119 122 162 162 164 166 167 169 200 45 46 47 49 51 53 66 68
3d66 159 162 217 217 161 288 363
3dc0 169 171 174 176 176 269 176 208 176 102 192 208 268 269 88
3dd5 100 135 136 137 191 193 198 199 200 201 204 56 57 97
3dgt 142 144 146 142 150 16 269 66
3dhv 196 197 269 270 271 272 292 293 294 295 296 297 301 321 383 394 397 403 408 492
3dko 647 663 665 682 686 689 695 711 712 714 758 758 758 760 760 763 762 765 775 776 777
3dlj 106 139 173 174 202 452
3dls 1005 1006 1008 1009 1013 1026 1028 1065 1082 1084 1087 1089 1098 1128 1128 1130 1128 1133 1128 1165 1130 1132 1133 1135 1145 1146 1199
3doo 100 13 15 236 239 58 60 64 85 91
3dtc 150 151 155 158 169 171 220 221 222 223 224 226 227 230 268 268 268 270 270 273 272 275 293 294
3dwb 149 445 519 544 557 565 566 567 582 604 607 608 611 667 671 731 732 738
3e2t 236 258 265 266 267 268 269 273 274 278 318 319 333 334 337 338 367
3e4e 100 114 115 122 126 180 296 299 300 302 303 303 305 304 307 364 367 368 370 393 429 430 431 435 437 437 304 438 439 446 303
3e7w 269 270 271 291 292 293 294 295 296 320 382 396 402 407
3ebg 463 496 497 500 519 580
3ecr 101 102 149 150 152 153 170 176 191 192 217 220 221 264 99
3edg 102 103 149 189 92 93 96
3edi 102 103 149 189 65 92 93 96
3edy 272 276 360 475 517 518 539 540 541 543
3eif 130 193 295 822 824 826 828 829 830
3eiy 105 142 143 30 44 56 68
3ejx 100 101 188 190 227 245 246 254 255 256 37 39 90 96 98 99
3emc 134 210 212 241 241 134 243 299 85
3eng 10 121 127 128 129 130 147 148 179 6 7 8
3eqm 115 132 133 141 145 224 306 309 310 310 310 314 364 370 372 373 374 375 430 435 436 437 446 447 477
3et7 431 433 502 503 504 505 508 509 549 549 551 549 554 551 553 556
3ez8 104 121 122 142 143 146 302 304 307 308 344 345 465 468 470 471 515
3f3m 10 103 11 128 129 130 131 18 19 22 89 92 99
3fb4 10 11 12 123 124 127 13 130 133 136 137 138 14 141 15 150 151 153 160 162 163 13 171 199 201 31 32 33 35 36 53 57 58 59 64 85 86 88 9 92
3fdz 114 115 15 182 183 184 19 20 21 22 60 8 87 9 90 98
3fe4 111 113 125 85 138 220
3fjo 116 117 118 119 152 153 154 157 159 160 161 299 404 434 435 436 437 437 436 452 453 454 456 458 468 469 470 471 609 654 656 67 68 69 70 71 72
3fm3 130 141 210 221 241 243 243 243 339 97
3fpx 14 21 22 23 452 453 454
3fuu 100 117 119 121 122 25 26 27 54 56 74 75 76 80 99
3fw6 221 233 240 241 297
3fwl 233 271 274 286 318 323 354 355 356 357 358 359 510
3g2f 209 210 211 212 213 214 215 217 228 230 279 280 282 286 333 333 335 333 338 335 337 338 340 351
3g4f 275 279 307 311 385 448 451 455 526 527 529 535 536 540
3g51 100 148 150 193 193 195 193 231 195 197 197 195 198 200 210 216 74 75 76 77 78 79 82 98
3gc2 100 131 133 161 235 262 263 276 288 291 301 40 93
3gc8 104 106 107 108 109 110 111 150 150 152 150 155 152 154 157 167 185 30 35 38 51 52 53
3gde 249 269 411 417 419 423
3ggf 100 101 102 105 109 144 144 144 146 146 149 146 182 148 149 151 161 30 38 51 53 99
3gh5 170 258 321 322 352 370 395 397 398 408 410 441 443
3gip 191 218 248 252 95
3gnp 132 133 177 178 249 250 251 31 319 321 366 394 394 178 394 181 444 451 452 460 88
3gri 104 142 303 303 302 391 392 393 58 60
3h17 144 145 174 202 237 268 76 77 80
3h1m 134 255 264 274 97 99
3hbd 113 122 150 151 153 113 157 214
3hdl 140 141 148 152 165 166 168 169 170 172 173 174 175 177 178 213 214 222 223 226 229 231 245 247 279 34 35 37 38 41 42 43 46 47 48 50 52 70 73 75
3hjr 115 115 218 126 128 130 131 132 29 297 298 299 300 303 304 306 326 336 454 488 553 555 578 579 78 87
3hm8 542 545 546 609 610 626 627 662 663 664 683 685 686 687 688 689 714 745 748 867 868 869 902 903
3hng 1013 1020 1022 1024 1024 1027 1026 1022 1029 1038 1039 1040 1041 861 878 882 907 909 910 911 912
3hxt 104 106 145 159 175 180 181 24 29 58 59 61 83 84 85 89 90
3hyf 443 478 498 538 539 549 557 560
3hyo 177 178 185 204 206 210 211 212 213 215 237 240 241
3hzt 103 137 153 154 155 156 199 201 201 199 203 199 206 219 220 239 204 371 394 396 398 400 447 468 81 82
3i6d 11 12 13 14 15 16 176 254 255 256 284 285 286 289 40 409 41 412 413 42 442 443 448 450 453 48 49 63 64 65 66 68 71
3i6y 148 149 182 224 257 54 55
3i99 124 125 126 127 130 133 136 137 173 185 186 187 227 239 24 240 241 242 337 339 59 60 61 62 63 64 65 66 79
3iar 106 155 17 183 184 19 214 217 238 240 295 296 62 65
3ihj 186 187 188 216 267 271 299 301 302 338 341 350
3ii0 108 109 110 141 141 223 195 223 225 226 256 258 259 267
3isg 102 115 117 161 212 213 214 215 255 258 66 67 70
3ita 106 144 194 211 212 244 264 271 304 305 306 39 40 43
3k35 111 112 114 131 139 142 164 175 212 213 214 217 238 239 240 254 255 256 50 51 52 55 60 61 62 63 69
3k9v 104 128 129 132 134 147 148 155 159 204 205 208 243 246 253 254 323 326 327 329 330 330 331 331 334 391 393 394 396 454 455 456 457 460 461 462 463 464 468 471 462 499 500 74 79 82
3kcz 428 429 462 463 470 473 558
3kvw 155 163 176 178 228 230 231 232 275 275 277 277 279 282 294 295 312 280
4pbg 116 159 160 19 297 299 347 375 428 429 435 437
4thi 113 16 18 239 241 270 272
